5896
3947
9562
1784
7923
9056
8457
3894
9194
2644
656
7954
9673
3236
445
6132
5808
2529
1414
9281
7046
2777
8483
6826
3346
8121
6959
6609
6641
5034
529
4300
337
7869
6481
952
3910
3563
2342
5959
6955
7811
7643
2592
7270
5561
2482
1898
8383
4921
8949
5771
2676
7201
4699
2634
8229
513
7635
7214
2297
3996
9913
9999
4079
211
1987
6204
5769
9603
6434
9847
3240
377
2082
3017
1491
4643
6343
92
5366
3630
8832
9448
2872
9255
9909
5532
852
9441
6135
269
1671
1543
6527
6474
768
9010
8294
2543
4467
8153
2178
3319
6385
4892
9708
3659
2630
5371
4486
2727
2450
2564
1681
5160
9404
672
3022
7264
7322
9613
6901
2616
1579
6509
9113
1213
4478
7191
1454
2398
3309
6445
2055
2043
7564
4421
4482
1827
390
1255
4852
3673
886
2822
6563
9851
3056
4754
2344
2815
5818
4245
4254
4072
7770
4347
9481
7900
1348
8436
3386
5633
5785
5073
4026
3478
1732
9086
306
6090
4761
8433
7639
8055
8441
3817
716
5119
8502
1160
2918
9275
1
3019
599
9428
4349
6326
3104
1773
6817
1850
5509
7333
6351
9365
2139
7398
8447
1519
8143
1085
7303
441
1903
1418
7656
6520
9040
827
4060
3624
9100
3488
7141
1201
5941
2358
9876
8956
2851
6748
6513
9683
6106
8279
354
4906
5969
3639
9638
4543
5128
1362
1596
9897
79
7830
8422
9663
648
7755
3627
3726
2174
2373
1153
6746
66
1772
6108
2316
1949
2415
1521
2351
8881
156
9355
4827
7126
6250
5995
1178
5171
3013
6460
3828
5762
7048
8700
3263
2579
1953
209
148
4867
8177
1778
4918
9869
7878
7808
8462
1819
6866
2949
9512
5727
3689
9470
5053
3035
6547
1191
6094
2994
6731
3355
6564
8627
5362
506
7504
7624
964
8060
7163
2187
6892
6847
9633
907
8981
9108
7139
161
3039
1397
1031
7085
8437
8327
3597
3182
5112
3747
9468
9860
7918
5025
4975
1902
2636
1839
1319
2489
3781
9460
499
6706
1973
2228
5841
7415
2010
4575
8554
8745
2931
652
7331
8258
3409
2942
598
6602
6276
1184
7824
1545
9336
745
7774
7500
5590
1677
1690
3397
6195
3836
4736
6050
997
30
1261
6789
6083
3036
2230
9257
3429
6357
9541
283
3507
2970
1728
6405
9381
9288
2192
9391
3816
223
6713
1207
8888
2570
4917
1837
3196
8597
6734
1073
9910
4934
8619
4006
2112
4094
185
5665
802
440
144
1394
7185
6771
6625
5341
2539
7320
3152
2888
362
1821
7117
755
572
1351
9643
7642
1606
9947
3552
2038
2196
5827
4272
7392
9352
3730
1127
5690
278
8532
6023
6139
4831
7829
8540
8815
5228
2186
3911
14
9645
2967
385
3665
6427
5678
8023
9814
5049
2210
3025
7494
6906
7507
4877
7798
5270
1386
1561
7742
8046
6016
3352
1027
9810
4943
6629
2973
6026
8776
8812
6846
432
1005
4476
8616
8367
411
8730
3506
9484
8673
509
4452
3833
6991
9246
7147
9410
1016
5568
5118
6655
3749
8980
829
443
709
3045
6829
2819
533
7998
8741
5791
6318
8068
4027
4765
3141
6608
5867
2282
5562
1613
3021
4201
6411
9364
7874
7559
6769
3647
8853
5973
6885
410
6335
9414
9393
8846
8574
2024
7609
3005
4370
7832
4546
1549
2912
3326
3062
4283
1935
412
8840
7501
5538
8257
773
9803
6170
4659
3884
5177
1756
7529
1389
8582
7997
6169
3144
7843
6523
8965
7980
6331
1459
600
9382
368
3278
4360
9890
8144
7725
1277
5777
3992
7098
9844
5280
4078
7967
1872
9290
3827
2017
8944
1474
8339
8902
805
6873
6499
6648
1741
1189
7382
1115
7668
6467
5087
8785
7463
381
5399
2607
270
6472
466
2656
686
1258
6626
5438
6429
5992
1746
8475
7934
3766
6874
6218
8762
2152
7844
2369
6443
1940
2609
207
9501
1912
8917
6488
9346
4241
8907
5246
9635
3795
9065
6916
1533
4153
301
6909
3948
1880
1410
384
1274
6711
799
9694
7712
9778
9718
8877
2121
8668
5909
9144
1721
4169
3537
3392
9228
9462
1113
3312
9156
1901
6796
9649
8720
835
2036
5588
4014
7359
8584
2689
994
8079
8666
5778
8894
7285
3169
5477
2744
6238
3554
3763
593
3303
4860
2906
5082
3470
1457
4971
677
4472
1170
8407
7031
6475
4380
6279
5176
160
8813
1797
6876
3313
4415
1972
1760
608
9430
7960
9457
4776
6338
7806
8026
6948
9461
1314
8458
541
9526
6035
5140
9467
9064
9452
3320
5839
404
815
5367
5567
8062
1622
1443
6600
8368
9602
5781
4408
1851
8925
1357
9434
3418
9549
4676
7056
4795
7222
3162
4697
2405
5875
3550
8708
7895
268
7516
7027
7260
9373
6283
260
7166
8523
9658
6127
5622
5676
3938
1434
5685
9016
6233
1508
4427
3037
9577
589
9278
3279
121
9377
6419
2687
7728
5725
1064
7107
3633
1716
9089
6471
4642
5539
7653
2585
3865
7737
522
1495
3582
7538
5111
2040
6399
6341
9297
4777
8151
7087
9081
4963
5206
2940
5768
3014
1892
1735
9424
6073
5226
6735
7466
3430
526
3921
3551
9723
2265
3813
5776
6957
4837
9132
735
6066
8743
3413
1897
6002
2331
2080
2768
3697
5526
2846
47
8986
2179
8893
1049
484
5413
8259
8067
5547
2004
7857
9239
2353
6605
9317
4976
557
3360
3008
7552
9420
4289
5803
9525
5878
9318
4915
6674
9293
523
5734
5646
9158
9155
206
9601
107
3197
1168
6851
5390
3850
6649
7582
1700
3448
6727
3211
6802
2567
239
4019
2772
2700
605
9449
7050
4713
8159
8974
8989
3120
3493
4372
2715
2955
133
4745
2477
8430
4637
797
3092
5409
4769
2759
1623
7851
5340
5518
3291
9593
8613
2447
1731
9015
3231
732
7011
5905
2206
6208
1343
1815
2963
357
9867
1644
2131
9335
9480
6018
8883
7842
1979
6413
4748
6535
8771
6115
7047
3287
1672
3227
5486
3115
1355
6699
1326
2962
1608
5144
4693
2148
2738
6390
1744
8493
5544
8670
8070
7637
5296
8787
5550
2339
841
9379
6482
6329
1282
7122
5579
706
5881
4139
2502
5494
3927
5145
256
955
4884
7969
8936
1205
4516
9829
4202
7304
6515
2641
1636
1444
364
3439
6897
9605
4365
225
7279
4958
5548
970
6980
482
2757
3668
7037
1281
9759
639
8267
1407
4339
1586
6320
1917
7262
4873
7800
525
7781
7493
71
1020
2847
2412
359
2523
1396
3741
8408
4573
5718
1991
3274
5078
1054
6635
1751
3459
5200
9143
2749
4759
9650
7876
9196
2534
7348
68
3706
5429
2882
1214
3716
2309
3159
896
1486
5704
3011
6119
1038
1470
1598
9251
2413
1356
571
5093
6143
7985
4495
4356
4908
460
8370
7889
4403
5334
6841
9469
8234
3106
1462
2796
4799
7513
7768
2084
4398
7572
1761
7496
2576
4090
2805
3678
4479
1150
8362
5107
8051
6543
6987
2601
4580
5759
6617
4595
7060
291
6298
1895
151
267
6274
8223
644
8406
1803
560
7054
4382
1916
2913
5126
6631
8520
3783
3226
7296
2428
5957
8389
504
3156
5714
4517
7776
6180
1504
9699
2363
3253
2481
5421
247
8737
6960
3839
9535
113
1292
999
6978
6700
3496
6719
8171
2109
3576
9600
8315
199
746
2538
3477
3398
7638
5484
3809
554
1571
3731
88
3016
2922
5204
1905
9011
9436
870
1107
1222
5199
626
9760
5434
4688
9682
5513
5517
783
5450
6476
9256
5235
7594
5564
4703
2695
2408
3181
285
6800
3615
5410
5067
8855
7059
781
7146
1952
859
510
8291
5333
3202
5752
8464
273
5300
3329
3063
9128
6241
8490
7833
7908
8607
9247
9921
4091
1762
8625
1301
3393
2927
4633
3735
233
1687
1523
6038
9578
705
7709
3232
1560
2085
9284
3034
4387
6006
9529
3130
9767
4274
4059
7902
9005
9446
7193
7399
5253
6045
86
1406
5295
5022
327
2556
9887
1629
8317
830
1387
1181
2840
1342
8399
5559
612
8898
1366
6772
2333
3462
7939
6306
2627
6798
6099
6257
1480
3901
1786
9806
9989
6752
422
2793
825
4462
5753
1435
5048
4724
1237
6566
4584
8393
1770
5990
6651
6951
5822
9701
9993
6370
931
3758
1697
4416
7757
2932
3072
9702
4609
3684
3958
3264
7962
2124
455
9998
5724
5543
8116
10000
8018
379
6993
1800
3388
8775
7161
4982
6698
7665
6046
3584
6579
8341
5843
1132
7168
8872
5268
1089
853
5879
3625
7909
1409
539
7644
5719
9886
7979
6981
1956
7536
1235
3856
4803
5431
7436
402
8445
2800
2708
9732
8210
9369
5113
6442
5475
2025
8536
7631
6348
5854
5153
8531
201
9243
2323
2361
5422
2883
8052
3696
2411
1169
226
312
988
6461
3782
9400
8734
8544
7309
6905
4401
651
8114
366
2463
7711
7167
3349
9032
7871
2623
8414
106
6256
7081
8318
8390
624
9402
7544
9195
169
4511
7073
2195
4866
3793
6785
4784
5971
8439
4192
6758
6067
9872
5195
6919
9619
1306
7704
4012
1413
1259
37
1959
592
5355
6639
9704
8097
9298
930
6020
3957
2511
6818
7491
6967
5981
4720
2453
7268
7741
6994
9422
2660
6489
1284
7453
3823
1075
5673
7756
9826
2070
9813
2298
4717
4288
7156
313
5266
2138
1759
6379
7157
5982
7968
8796
1818
5382
1424
6570
9731
2705
3311
8548
9547
6000
2340
1844
8264
4005
8516
9950
229
3328
4119
1907
7433
8581
4680
127
5427
7563
7600
2941
635
3945
9043
6739
9094
9661
5279
729
31
8198
3347
3221
4871
4028
9979
1581
4165
7405
120
1936
9193
1552
6277
6082
1573
77
5679
9442
9893
3920
7113
3055
9922
9314
3180
998
5659
5458
8373
4790
838
8283
1482
9758
5585
1267
6895
1883
505
4846
9788
7938
5188
2584
8892
4123
5276
8347
8306
1312
2263
7560
2128
116
346
685
7827
3819
7731
2831
9775
5293
1332
1138
5071
865
5146
5339
9793
1084
8409
9794
1769
6457
8592
7777
2120
5173
8571
2810
1674
6224
1475
8091
8519
2774
3701
8662
8240
925
4886
7884
1412
3657
1350
8300
3105
5963
214
738
2410
472
2294
5193
1807
2752
8973
9374
7386
895
9183
1857
9644
9
6694
4445
6358
6418
3913
2251
1200
5847
9575
1469
1612
5350
9888
450
7192
6398
1985
1574
5051
3337
7219
4469
4734
1217
6146
177
4132
6086
4367
6845
9894
2386
7658
6145
2698
549
3709
7240
843
9973
8909
6899
6415
6061
3316
2013
4456
3487
3235
2173
3170
7820
9368
7891
676
1691
7354
8232
576
3043
9038
4835
7158
8203
905
3595
4220
5388
7283
3717
1429
3967
2370
8080
5863
5740
1430
4858
7461
993
8964
940
376
1252
6886
4822
5230
7633
4092
2756
6902
7610
1477
7840
806
8865
9733
5810
3385
3357
8561
7199
4358
6040
3463
7058
9207
3158
4569
6347
2176
2909
4513
5414
1094
4497
5674
6749
5604
3925
7859
9305
3620
8043
6225
5737
4491
7721
8705
8651
5551
9821
8564
4303
7596
7
7114
2764
2472
775
2699
1532
545
8443
1296
7045
45
8215
4663
1515
5984
6671
3613
1488
4142
2646
7370
9615
4346
950
3751
954
6529
4327
5169
9483
6087
7187
2160
3131
9620
1698
5321
3752
8768
6247
3033
7000
8714
9248
5703
8416
9711
3590
9709
7801
7212
9273
7159
8289
1367
2779
9046
9088
564
5237
9219
8663
5755
1101
6872
2706
3331
848
1208
374
832
417
5906
9101
8689
2460
6400
1248
5912
4876
9519
2691
3703
6248
7135
2446
8791
6349
7406
4965
5386
5749
5620
5739
3631
3450
3444
9739
109
597
8733
7249
923
7336
864
723
6799
7261
3705
4080
8555
7515
5010
8572
7171
195
3687
2089
9233
861
221
85
4651
4897
5036
5747
6033
2050
6176
2848
6865
465
2032
7883
4723
8598
2156
5433
491
2123
7719
2957
7489
1709
7735
5826
1828
6166
5068
519
2336
623
8724
5285
2261
4960
3792
6559
9877
813
9001
9647
8674
5514
1710
4505
4989
6690
78
7870
3046
8765
5183
6814
989
5693
4084
501
9052
5651
792
3635
456
3628
9781
2552
3317
8179
743
5764
7989
6621
7772
5721
9125
9179
8707
5346
8525
6917
1270
367
7650
5892
4830
9824
2496
4475
9139
6502
2747
9511
749
4766
6542
8147
9583
4224
5625
1556
3808
7116
7497
3516
9917
135
9154
8345
5716
2701
4612
9559
5855
6199
6756
7077
4599
5786
3919
3293
3962
2170
6435
8987
8508
3680
8636
7670
8455
1017
9378
8233
5491
7374
5125
1298
7877
336
9063
6618
4399
3557
962
1013
5290
4351
3207
2197
6983
7280
7782
108
2954
1679
3606
615
7100
934
231
982
3225
1775
2804
349
3284
4945
9287
8003
816
64
7372
7604
6312
1937
380
9992
779
251
3775
766
8
1920
243
5242
9589
9221
7533
5315
5133
2362
8539
9937
4952
6321
5862
7076
6857
6469
922
535
3420
7817
8268
8088
7818
5292
2
2633
4735
8957
3336
3456
3979
9567
9621
6196
6114
287
2553
4374
2395
8615
2951
6346
9715
3984
3315
5156
9035
1287
1211
249
8156
7297
7702
8066
4524
8369
5057
8127
7815
3720
2442
284
6977
1109
5527
7881
2030
2459
887
7565
413
8618
885
4907
4649
3097
9892
1876
289
4022
2956
5688
7810
4987
4442
1680
9599
8546
9625
5524
977
7300
1162
7026
9610
7318
1692
8363
5793
9485
3148
8469
325
5471
9265
7186
7933
8823
6791
3617
8334
673
6133
3917
8488
3466
5221
2268
5916
4134
8677
3187
9062
5185
6109
9211
6684
3681
6191
3446
7106
7369
8939
9953
2437
7524
6097
9728
8000
5736
7208
668
4625
5379
5511
8301
3586
2291
4120
4267
578
1742
3373
6161
2871
3575
2381
5884
1187
1527
3381
5181
6369
7061
5765
5988
7886
636
6908
568
178
3068
3454
3145
5222
2167
4112
9201
7149
3566
4259
586
4037
9496
6638
7743
6327
2208
2149
2703
6219
8682
9885
6903
507
7266
9295
3530
1260
1305
9978
8617
8479
8958
8676
67
531
403
6292
4335
1358
4168
8968
6878
8442
7961
1960
4843
304
4888
51
8266
4044
23
3308
5380
6243
1144
3559
3107
3405
3126
4158
9972
9624
8801
9291
3685
4875
1246
6613
5893
3993
5529
1943
2583
1461
9491
2295
4345
292
3501
5504
3395
5354
3375
1514
7947
8204
4305
8190
1051
9727
9213
1614
6477
4183
2058
235
3655
3754
6760
1962
5269
4815
1083
1568
393
5020
8336
2275
1663
7931
98
8465
9751
1416
8404
2832
8307
5004
4207
5915
8777
339
343
3959
5116
1164
9640
9012
2211
4623
9945
5942
4381
179
628
4194
5260
2255
1198
9002
8914
3194
6565
1577
6171
8087
6970
2755
8810
570
7035
5306
4602
6049
9375
818
8684
5986
2620
4793
4613
345
5756
4229
9724
2515
2694
7418
2890
3682
7385
5090
9362
1450
981
1372
2866
392
7329
6464
4126
8331
2429
1703
5432
4333
157
1439
727
7974
6860
4501
1173
8053
5035
5970
5700
1093
889
9454
4232
2516
7137
4379
5387
7999
6786
8320
8719
317
2458
5770
1734
5918
8126
130
8511
3806
807
9323
8471
5686
7014
4794
4409
8858
8867
8533
5316
9850
9285
8626
2716
4536
1685
9190
4597
3230
6949
6336
6824
2786
1997
3294
2157
9693
5498
3602
1015
6862
3304
2364
2454
2911
9926
1286
1369
4792
4343
6089
2905
7773
9412
1906
938
1151
7259
5887
2795
3460
6632
3300
9944
7313
2821
1774
8962
1958
678
7288
9343
3099
447
8818
9669
7383
8856
5426
5634
8912
8623
2034
6281
4749
935
7007
8652
8395
9252
241
6759
898
2530
4226
8006
1110
7357
2402
8467
1900
9493
6628
6185
5702
6582
1730
6683
7912
415
9283
8518
8117
35
6870
5929
9320
3788
3932
7995
2775
7042
1726
7472
7274
2704
9706
9629
1525
8681
3829
6142
7890
4674
4065
3038
3093
5746
9915
683
5345
4721
59
5883
9609
3832
6470
7425
189
1836
8951
9204
9186
2943
8313
1637
5092
7666
5444
6979
6141
6665
8891
9367
769
9782
3402
1133
9523
7016
7344
6417
4047
8118
4670
1869
3924
2824
8690
4940
9695
7574
1104
3040
2986
4535
9051
8261
4038
6165
2947
20
7608
9427
1139
3578
3283
5401
1619
8879
6843
8481
1149
5628
750
7759
712
1984
985
3325
4293
4684
6036
8859
5384
4422
5360
4160
7716
4666
7090
1563
4334
3468
5430
3382
7306
7414
6286
2277
4610
9757
9303
344
2129
6986
4870
7258
3950
401
5903
2985
2243
5326
2418
2748
8562
6454
3885
9160
9703
2117
5556
9197
7717
906
7409
4778
855
1124
3479
4149
1273
3514
7134
3623
1043
8926
6310
7342
6998
2600
2266
1794
8045
1513
1654
6175
4348
6622
1422
5060
5308
9299
423
6163
5806
4829
6480
3533
1873
9891
3086
9868
3321
3155
5459
9954
388
8916
2021
9244
3652
2452
8568
7521
4009
9289
6969
3540
7286
5636
8387
8806
6031
2577
899
8178
2594
2044
220
8260
7413
5249
1594
4946
5631
4211
425
8418
1447
2976
8542
8988
8074
9932
7976
3119
5327
2074
5168
3789
6742
8781
2113
9674
2571
1353
72
9324
583
3520
9628
2379
9425
2093
4556
3589
3505
515
3494
520
2155
617
1924
1646
8366
2226
1941
1250
9354
7771
4728
4465
7579
5796
3934
875
6569
3140
5418
9036
3826
9533
7241
9223
4647
5283
4502
6001
3286
5710
2615
4057
496
6918
7663
3660
1193
757
5816
6680
7541
9967
2946
563
1033
2721
5207
8905
3532
7955
1630
4473
8911
3978
4718
7952
7367
8040
3366
3482
5259
5609
7458
5215
6079
8084
3132
2965
6930
382
4961
1146
1565
3419
1845
3564
9341
8746
7834
405
9720
3712
8454
4510
2143
4874
2073
358
1291
2079
2359
3744
1537
9859
8322
8328
8852
2542
4281
5124
4522
3975
2654
4097
894
5152
3133
9653
7009
4709
2603
2246
4056
1092
4931
6308
971
7104
7234
9472
8804
9805
9004
26
3728
7136
132
3966
6458
2519
183
6923
8325
467
4199
5655
6673
2248
8545
3645
4397
5934
691
5555
149
8726
2869
1642
5584
4849
2983
4690
8563
1817
2525
8478
5840
4234
8950
2317
6017
3943
1199
7403
3538
70
3824
7125
6268
8228
7327
5946
8468
5748
3942
7897
8749
8553
1923
4402
3843
1673
2672
4291
1300
8076
4812
6689
8602
3797
2893
3389
9736
4257
5800
398
5472
250
7987
9465
7029
8005
8108
8585
3020
8086
2806
6403
4419
7071
5262
785
4480
7970
2389
3679
2754
2554
9843
8487
6452
5298
2688
7537
1894
8065
439
9189
6110
6943
3870
2069
7700
5933
7780
3083
8725
279
2391
3803
5566
3241
8008
702
7896
8220
9528
4313
6423
9071
8009
6668
1582
2843
6149
4265
9131
4636
5083
8943
4186
7512
6743
2992
2259
8440
4206
6728
2264
5797
5170
6068
7882
4296
8751
2118
9383
2235
5794
6392
7584
9242
2549
4894
1263
9386
4838
2396
4237
2417
5560
4107
5952
5812
4956
6088
5767
4800
8207
4420
7797
761
7380
3852
7540
1076
6532
123
1655
1299
2219
4055
262
212
2902
6056
6879
7198
2714
1977
5102
4809
4127
9540
1106
7838
9023
8420
2474
3203
5811
3914
694
9332
254
4935
941
7626
9270
1449
8124
9068
2213
5885
296
4418
6113
3053
6487
469
5251
3003
8365
6910
363
8932
5870
3399
8782
3683
4555
547
8155
5618
6914
704
7714
6750
8614
4386
2217
9361
9686
9564
1590
9171
8871
3200
5815
8035
5772
476
7057
8466
7748
4198
5499
1908
1102
9534
9435
2505
1982
1822
2528
9730
9997
9770
159
2789
8808
3114
3755
1433
4807
6249
5134
8567
6853
9714
3980
9537
8890
5050
1095
8027
7822
6356
9842
4342
7148
4763
7937
3944
5997
4137
9124
3447
2503
6567
2068
6956
6882
3547
9712
8596
1975
4755
9579
1269
5374
2886
8817
1567
3076
9439
758
7473
1528
4500
6134
5307
4392
4008
1346
6212
3708
7305
9587
9396
1899
963
6043
4197
217
7836
1373
7828
4740
8990
1609
473
3707
2188
7888
5835
182
2172
7412
2724
8715
4767
8082
6363
6682
9164
4944
309
3243
4818
4627
2551
6583
2283
719
9856
4564
2885
4932
5837
5571
8186
803
1408
9675
2712
5962
1463
5190
7991
7983
7990
7710
8857
3746
4550
6558
5404
1082
4085
7744
4180
680
4689
3880
7176
9833
2771
9940
60
7119
7177
6718
100
3378
9705
3991
9105
5403
6213
4481
5738
4825
6339
9366
5742
1285
5667
5660
9080
7194
1694
8452
2168
951
158
8166
4949
6505
8900
9857
5647
3863
5985
8699
2319
1047
5046
5987
8834
4048
8324
7690
5323
1290
5291
3198
3742
2111
6765
8304
5519
3414
9951
594
3073
2784
3603
2690
9097
8790
8348
6767
4177
804
4082
471
9882
9786
6272
6599
8036
908
3723
1881
4879
1339
3897
2441
6205
4938
9302
2247
1226
4969
5012
5357
2097
7396
8835
4089
5449
1167
1994
6568
3080
1334
3822
3001
2945
2966
4023
5889
6304
2811
2723
7020
2797
6254
5179
4859
2948
4145
9421
4644
1593
5121
3122
1891
4988
1750
3084
1930
1999
7022
4448
8996
6075
9321
9688
4959
7452
8766
6984
2665
8784
8199
6104
2632
8330
5860
3821
2198
6989
5535
1792
297
2435
4836
81
7835
7165
6717
7355
3523
7966
5218
8310
9975
3134
4453
3365
2000
1253
315
3464
641
1648
4285
2466
3260
3753
7352
3693
3904
9960
3204
3285
9571
6936
5428
9411
2185
494
3
9351
2134
7508
1863
4487
8187
6722
1034
4533
991
2229
146
3483
5098
7573
8034
928
2273
7784
8133
839
2299
9934
9039
3338
7535
4439
893
6676
4806
2889
9337
8292
4504
4314
7034
3281
2284
4238
3245
7880
627
8920
2823
3616
8063
3875
4927
8038
5063
3209
6412
1046
2996
6850
6504
8221
8884
7809
5375
4436
5066
2423
854
3322
1634
5172
587
4466
5042
2451
227
8800
5993
6486
3167
4514
595
8807
4459
5672
2562
4885
8510
8529
767
1584
8717
4957
2673
1090
2960
4249
2499
4389
8993
2761
1968
601
7360
9376
4352
4814
9962
8397
1466
536
8874
1044
5583
8503
5795
6965
1913
145
1745
4711
8241
3118
613
3157
4797
5698
6353
4369
2513
7337
6157
2834
2354
9744
6098
9499
8952
1453
5649
8723
3174
6660
1918
9360
9741
3250
5754
9666
5516
9722
2108
7622
6516
1182
4589
3297
19
9308
2862
6592
9818
9507
8763
3889
1311
1280
8514
2933
7849
5976
5488
6654
2366
6669
2287
8217
5278
8595
1055
3651
6263
3149
7308
7950
9185
7442
4990
5167
2881
6773
4030
6159
8323
798
5158
9509
6863
4738
611
1203
8739
8384
3926
5681
1058
1611
2330
1344
3675
1801
6275
4464
4016
7509
9612
9103
5
6962
4444
3778
9811
7892
7248
5005
8611
2150
1432
8245
138
8505
1467
6630
2214
1209
1922
1607
1329
9059
9282
3504
4390
6999
7499
4534
6365
2052
3986
7150
8504
112
5061
9050
9716
8603
4562
7328
3451
6019
1530
1021
4489
365
1156
6884
8721
9700
8829
8704
2254
2635
5996
3314
2713
2778
7879
3473
9530
3698
3529
2988
7681
5510
8601
2500
8154
2536
5353
74
7581
8882
4538
1993
3233
1455
4997
1768
6130
2329
5900
1625
9208
4498
8170
5013
9187
6183
1938
5079
675
5845
7402
452
5490
3987
1212
7664
4488
6821
2360
1141
8976
2730
318
3100
2321
4640
9966
7479
9006
5974
6303
2509
3666
9133
6715
6424
4003
4336
1337
6925
551
6197
4783
468
4677
2794
3075
5243
6551
7906
7456
9721
9977
9984
9809
8695
7698
2272
4248
9606
5635
3432
6059
340
168
2565
9076
5552
4310
6770
7855
4250
4970
4101
5833
8728
7184
2253
4506
4499
8350
8659
1063
7732
6253
351
9943
4178
9390
1861
4702
2376
5166
7904
7846
7786
789
8022
4964
6285
371
1347
1425
2572
8239
1796
2977
3161
9013
7769
580
7726
1879
114
4561
5928
2870
9968
8180
3183
5574
629
1601
9692
7636
6290
1620
5589
10
8901
6155
2845
7109
7630
5558
2573
1322
302
2928
8429
2270
8160
602
3692
5642
7680
1932
946
7202
6209
9848
4638
8411
3528
6869
2671
7040
3641
1520
6634
6
205
2892
7213
6831
4316
65
9766
2587
947
2680
6501
1134
4378
9875
9746
8918
39
4744
5729
9328
5523
1232
244
2190
6393
5899
2470
6122
1510
7069
7825
9656
6764
5468
3555
3113
890
8693
1896
4929
4983
5858
5908
475
6371
5783
7432
3124
9543
8955
2382
7441
446
4634
9546
9936
8624
2409
6822
1472
8136
3567
2237
1591
6162
4578
7181
6842
5979
4583
2763
6289
762
967
1103
5373
7484
2802
693
2151
863
7376
2067
7438
9078
4447
4034
9392
7018
7417
5956
483
1693
6478
5901
4532
4228
2088
4239
3804
8640
7506
8860
208
9574
490
4601
2702
2325
5347
4074
2485
4362
6720
725
8115
7910
2099
9988
2001
3601
1437
1352
8216
4955
3289
295
1554
8332
9622
2547
6867
3151
3052
2734
3471
4912
2094
9681
8103
275
3777
2735
4742
707
360
1378
4780
703
4582
3445
5014
307
1065
2517
4604
430
3719
6203
282
5288
7084
6092
1884
8661
4116
9031
2183
2023
1172
4567
5645
53
2972
2639
1345
2169
5733
7847
3800
9178
9048
204
8194
9359
3376
3495
3757
8609
3801
8713
6653
6060
5039
544
976
9719
585
6244
3748
1061
9630
939
777
6307
2859
3266
4434
6624
4933
2326
8591
486
9755
9127
9776
2009
6265
1805
9259
9586
876
9177
3794
7089
9904
2407
7094
2608
4261
259
3733
4881
3864
8061
3277
8599
8288
1478
2868
95
4590
4332
9099
218
3071
5231
7389
6539
139
4632
3672
837
5314
115
8188
1507
3851
1522
5244
9395
5277
442
9837
4330
5696
2524
9631
6594
5540
162
1423
5457
2952
1403
9119
8722
9074
3871
2352
6755
7752
8028
9008
2182
4264
8656
9830
1864
1715
1128
9971
1848
6766
7111
4861
5852
6827
959
3784
6838
1843
582
8343
8434
1081
7597
2420
1965
9104
2130
4355
6679
8985
9205
3422
6813
8716
7143
5569
892
1766
7739
7518
5832
840
9597
8377
7901
2193
8371
1531
752
9055
1705
1753
8145
4618
1874
5709
1140
8164
2293
171
2739
872
4128
3722
1602
3767
386
119
5159
3968
5784
1249
8205
5857
5157
1338
5565
8576
6927
9659
4811
1618
2643
5886
2224
3825
6741
2982
8660
5416
3525
1484
5507
7411
1933
7351
5911
408
1576
7074
512
8794
3441
9310
4179
2271
9873
9110
9034
1723
6788
6809
5058
8099
9536
8102
1635
4184
9072
7673
4920
16
487
9399
2841
6091
2661
8819
3903
2668
1627
2858
6659
8274
1119
4571
87
299
2900
7200
1036
2558
8480
8701
4650
6716
1886
4031
4391
8935
3902
7404
1771
5163
5187
5044
3299
6409
5234
8148
6576
590
1570
4901
8254
1684
7660
4855
3123
5572
4086
8226
1309
8252
3670
6278
903
8090
6947
9734
1354
8633
1633
6904
8940
2887
4287
3820
1914
5644
2907
5398
6811
9172
8841
420
1096
5599
288
552
7424
5627
8275
7946
4515
9092
4496
4002
3588
1870
6664
661
3608
6100
2288
5372
1810
7893
6508
2241
5606
965
2207
4936
1739
3476
9707
9406
3280
3831
9353
54
9009
7659
55
1624
884
3111
8396
567
3598
8456
5670
1230
2498
9754
4928
4540
7021
650
9142
3558
8050
1483
2147
9884
43
2681
8391
1166
8123
1086
3469
7606
5368
6425
3770
7689
464
5040
8706
1006
3431
3916
8685
9159
4553
4208
9569
8629
7926
7243
1555
6964
272
5998
1963
979
7302
4144
3242
5965
9738
9358
1003
1669
5790
50
7233
394
8340
5469
2720
8412
172
8559
3238
4667
8248
2560
6783
6069
2244
7088
4678
847
8889
5522
7569
3249
4170
213
4406
8392
9914
6117
7981
5264
1925
8551
6105
7299
3255
3845
7602
3070
2041
618
5455
2697
1621
695
9311
7420
8131
5856
4914
479
103
902
1393
7485
3998
2877
6229
431
1436
6941
3296
8982
543
5342
6762
1359
3700
57
3571
3854
5376
821
6137
5849
687
4685
7223
8838
5305
8338
8959
4231
2857
4103
658
4337
370
5332
4941
9798
6593
4768
6428
4098
9841
6778
8770
9418
4980
7092
9087
1632
8025
2737
5120
6598
2327
3522
2087
277
4029
7684
7416
795
7520
4531
8621
3051
5103
2164
1384
8748
1776
9538
6616
9831
5587
5922
5412
5597
8265
1498
5318
933
6217
2814
5689
9994
2903
2045
8176
6103
6025
7236
3217
5699
8293
2879
1790
8803
3345
3964
5713
4244
9861
4869
1995
4340
1091
5949
2619
2303
6011
6780
4696
6835
8011
1465
8876
7749
2746
6366
8410
5977
261
2348
681
9982
2141
3951
1714
6642
9479
2751
2514
6232
3892
5248
1833
7190
3773
3515
257
3421
4046
3391
1180
8075
7753
9655
4733
2659
1546
2658
6528
2092
2897
7364
3621
8799
3568
5943
4679
5324
2257
5573
9385
457
8577
3486
9637
8933
9453
698
8938
2799
3213
2431
2356
7872
4318
4015
1145
4175
4507
1711
3048
4537
1820
1506
8237
7588
6181
2483
7751
9231
373
2566
9678
7625
9431
1174
1108
4457
9093
7224
5610
8671
1616
2480
3840
2346
1489
9047
4344
5643
7451
6319
1832
810
2374
731
6697
5064
5192
5953
1129
6640
197
9130
6012
7490
8423
3088
6101
6938
3931
4762
5630
9607
4810
230
6410
7294
9864
2780
1279
2663
1202
2569
6709
7164
2531
6805
9791
5007
8168
7343
1652
1026
4161
1158
914
1835
383
1595
5578
4977
7142
8077
6294
8269
6052
2677
9096
8227
4087
9053
4924
1392
7065
5294
891
4041
1853
2328
3565
6656
759
1405
6057
4916
1196
6627
2209
198
542
2142
4512
2345
5501
1048
1651
760
1557
215
3928
184
9250
822
9394
4081
3640
9272
874
9363
9268
9262
9198
7677
2439
4598
6210
4880
224
293
6937
2239
4615
945
5701
1388
9417
9266
7450
7745
6192
187
4878
2368
454
2989
6014
5741
2486
6333
9784
8512
5211
9773
5938
3363
2166
1120
7517
2394
5640
1360
5972
8381
8927
3574
8864
3362
7907
5349
3974
5939
5624
1194
901
5919
881
780
2652
948
5661
7951
2307
2337
3549
911
6271
9489
2969
5233
5525
5132
1725
9572
9983
7083
2816
1228
4130
4440
7448
8427
5213
733
8691
7738
4804
2181
4568
6227
6546
4526
9459
8930
1460
5028
1855
3807
1928
9217
2669
1650
1487
424
5730
2683
2046
7269
6507
9639
3572
6295
191
6571
350
8137
2773
9350
3761
2114
5632
8033
692
9680
6691
8211
6975
1722
6779
7854
8786
7758
3172
2194
8172
5801
188
8424
8644
647
8783
2826
8492
6996
1887
7292
8243
9524
3024
5723
5967
6211
7930
9840
8057
9862
6174
4042
4816
2657
5165
6085
6550
7289
4247
3543
9646
679
4653
3216
630
1599
3498
8946
6375
2083
3361
3290
4483
4570
8729
4565
5383
3259
1708
4173
9331
428
9344
6150
973
8376
5091
4781
2311
4999
6300
4203
1847
1592
5094
5309
6781
9832
9742
6819
7235
2938
5263
13
9210
2621
8761
8021
8174
2732
1183
8960
4995
4950
5485
7984
9865
654
2022
904
966
5831
5024
6200
2096
736
8534
1659
4579
3936
1765
944
331
2710
4614
8354
9585
1701
8031
8132
8253
6401
2605
534
6190
1971
4295
6636
2925
1118
1831
7443
7676
7097
4187
2314
642
3918
2158
7397
4834
7558
9822
8432
4704
3618
6395
7917
6361
4058
4893
8048
8506
8284
871
8966
8760
9555
1631
7623
6833
219
5521
2586
5680
6804
9552
4140
8653
1816
4630
1010
8089
7310
3190
118
3256
808
2488
6912
165
9301
433
6721
9557
8472
5871
5638
9429
8830
7311
4266
6151
7686
1304
3669
7477
9903
5846
7277
7894
9389
8249
616
1946
6854
9664
4125
3859
2037
1493
4213
7553
7708
6388
7454
4433
2850
6714
15
6992
3862
5272
3626
8672
4639
3339
6201
632
6021
3108
6591
8014
4298
9554
4450
9357
8923
7591
6397
5254
355
1539
9169
8413
596
503
6010
5155
6704
9817
1647
2449
294
5252
5056
7764
649
3929
4660
2520
3096
8686
8450
8213
1842
8380
2421
4576
9222
4470
530
3067
6534
5726
8816
2628
1695
7055
2908
3228
7605
1331
300
4962
4847
1885
7325
9737
6577
640
5613
4554
2807
2397
7371
6657
6589
7068
5666
2007
3049
22
9855
5016
8979
4174
4508
2767
181
1865
3452
4872
5030
7341
2290
2718
2322
2204
5817
7554
3044
2440
1945
6167
7301
40
3499
4719
2760
9839
4163
1324
8978
7154
3585
4410
8398
2399
6556
7848
3762
3497
449
3637
665
6463
1411
788
1276
5958
8359
2944
8658
3127
1974
2783
4282
900
4018
8208
5149
7920
8238
3239
361
4541
3335
1825
8142
8913
2645
7715
9061
869
111
1927
6120
3872
5799
9939
8094
1967
6284
5365
5227
2975
7503
8004
1948
9777
9405
2060
7706
9514
5497
5937
771
4840
5668
3596
5508
6880
7864
3713
5920
7255
34
1022
3344
9227
6246
6586
3135
7439
7671
7799
5406
6661
6939
8242
5483
8231
1421
8431
3609
5804
1088
8740
5813
3838
5364
6034
435
2424
453
6533
3064
8842
4682
5577
3453
5335
7112
7133
3220
4036
1289
770
2378
2427
845
6933
5994
5480
5474
2971
1080
9122
1295
3857
8513
2473
5261
492
1340
2935
2256
3886
6003
2245
1978
6072
9749
1122
7421
5008
9098
6844
6774
7015
7647
7079
8827
9215
9542
8435
5131
8971
620
7867
8844
2066
1445
6808
1955
7051
3061
5669
1551
9710
7532
5904
8095
2914
6574
480
8273
8869
8299
5495
2787
8654
2305
6519
2535
6465
3408
8650
232
314
5894
9697
3594
2758
9312
3780
9752
3671
879
3440
9018
9456
2433
3882
5304
4262
6236
9137
4863
5198
4611
4492
9000
6495
8805
3796
9590
9581
170
6391
4493
7616
718
7593
1374
6008
6053
7446
3091
4104
8002
8895
3188
1097
1804
89
9846
3524
2828
8687
1712
1271
3000
3032
7250
3834
6852
8463
5545
7628
8111
4357
167
2655
5991
8802
9898
8039
9003
4824
8349
6973
2467
4746
3273
136
4942
5411
8500
1186
9349
9145
4138
6160
5100
7096
4404
7580
6526
8631
2707
2550
1349
913
5136
8185
6736
3715
2674
6557
7462
4113
4020
2765
6064
489
3573
9202
6121
2218
1562
6723
4519
8792
6823
9985
880
5137
5189
873
1668
992
5537
1926
793
4857
9690
3848
3340
9980
9933
2116
4010
9801
5706
6500
8078
3112
8878
660
2696
7548
6337
9502
5722
8963
3292
9632
9935
9042
7263
4828
5675
6314
281
1364
1308
5715
126
6182
741
5766
6051
7230
27
8353
6070
8641
1233
4731
2741
9505
1059
4839
646
5312
1664
5983
794
7151
5788
856
5677
734
1473
7012
1841
8244
3492
421
9598
4856
6125
477
3937
6707
6705
5330
387
1283
1440
2341
5420
9220
6030
7282
7209
4671
9475
4551
1809
1964
7793
5033
7312
9274
3611
4603
3074
4741
8590
7400
3600
8012
3426
9109
4054
8129
5652
6158
3307
9486
8709
7138
9309
1540
9126
9807
6296
8421
1224
4629
9819
8081
3356
9163
8566
5554
3704
5601
7052
7747
6620
242
3982
4463
9616
2191
7267
2334
1426
8904
3029
3065
8280
6323
7273
6581
2990
2102
6985
4412
7975
5467
7242
5615
9563
9180
7221
6269
7674
6820
3139
924
7785
9014
4284
3079
4842
4292
5363
316
2258
860
1748
248
7982
4294
9516
4619
6394
1077
5935
9717
7993
3265
1550
2917
3374
3772
9445
8162
2842
4622
3173
3907
7316
9594
4882
3184
6875
3861
9166
2049
9713
6552
6194
6928
3199
5369
7003
5452
3095
5257
4548
9623
8030
6450
1733
4302
6451
5975
8849
2978
8451
2541
3121
7627
4909
3759
5393
5728
7585
303
8379
4468
3147
7640
2461
1471
2838
7973
2812
1330
7251
4520
458
36
6483
2335
7429
1686
8738
2076
1992
9049
2313
6054
2027
5924
7963
4819
1783
8665
9566
8560
7992
4114
6187
2279
3760
6242
7632
4216
4040
7053
9025
7940
9627
4606
4093
957
7393
8428
6692
5481
9199
7290
5114
8975
4503
562
1688
7935
713
6971
9415
1126
7307
5210
4062
8610
9740
1743
2225
194
8351
6280
481
8759
3306
6440
5694
7108
9618
193
6305
1074
5240
329
5180
3969
6934
1649
6514
9237
8847
3622
7368
559
3739
8496
8183
4383
6643
1641
2521
4939
956
1798
6004
498
3229
1399
8064
4605
5692
2300
4278
9928
2647
9327
912
4895
5682
142
3009
790
5402
252
1045
4353
9796
5108
528
2901
5890
6267
6148
2629
1856
7379
3324
4558
8246
6726
1117
4223
5865
7587
2403
9952
8497
6352
9106
8934
1811
765
5503
7257
3906
4868
9212
4547
6311
5154
2252
6678
7551
9941
8638
7788
1163
7459
5445
7465
5032
2504
3810
7480
8302
1499
3961
6496
7617
6374
1029
9679
7729
2448
7526
6372
8906
4782
1852
5482
7363
3662
5423
3047
3995
8517
2853
3835
919
470
8814
9925
9617
7814
6005
1215
9150
1787
9576
5751
1915
5478
2625
1293
6681
3745
4624
409
1025
5697
6612
6317
9774
9498
101
8732
1395
8605
7101
1516
2648
5135
4045
6606
8460
1072
236
9090
4196
2555
24
1758
3110
8305
2497
553
3275
9668
8696
3192
5931
6890
4645
2338
3261
9082
1028
7422
6896
7426
8854
5096
2711
4308
6883
2115
8405
9970
1757
5989
3771
8845
5097
478
2006
7819
1019
5216
3569
8250
591
9477
4407
5041
2315
7349
3396
9058
3137
9325
3508
9611
1944
8263
1511
866
4557
5336
6179
2031
9261
9226
4725
2508
2221
2667
5534
8675
2455
634
6173
4587
6611
4712
6858
3973
7019
5104
7921
6538
6430
5348
5834
1738
8515
6913
1018
128
2580
2854
6206
2506
2100
4913
8522
929
5925
3461
1216
7791
2042
7252
9949
2766
9792
4364
4832
93
2274
1446
6239
271
3989
7272
5874
6708
4219
6491
7110
5425
3818
774
4494
3544
764
2606
1702
1154
444
5936
2829
1159
5824
5961
6402
6497
4789
4243
9116
7649
2355
4013
5182
8197
3727
1645
740
4993
9170
400
6154
4276
6382
5603
6325
2801
2493
7447
6116
6058
7075
3605
9931
3960
4617
1009
3247
5932
4747
9083
3214
82
4021
2590
3257
9033
3849
5947
4118
814
8885
5506
2289
921
2095
9444
238
1566
5605
9234
9854
7696
2642
3125
7941
5417
3688
9279
6703
7373
3205
4979
7603
4826
4716
426
4730
8013
3946
1829
4698
2419
8657
9838
3103
1990
6492
5072
8535
5311
2098
4432
9959
7078
9370
4656
6675
7683
1660
8754
7942
9060
2062
7948
4193
1135
7025
1719
5593
1157
3384
9249
2867
7645
4764
1288
7437
253
7434
936
4246
5201
1105
4586
2371
6364
3930
7964
9175
8953
3853
8937
5464
2610
1812
5807
3539
3686
9986
7590
265
756
7675
8282
8697
1781
6485
8222
8861
8628
2533
2189
7561
5500
8290
5611
7977
4900
9568
9478
7365
3117
1638
176
662
5062
4004
2020
6922
9591
6261
6126
5758
1626
9330
7356
5917
6414
9271
4325
7612
1849
3050
844
978
6929
6408
3990
9413
7899
6787
6604
1458
9834
8635
1316
6422
4176
5876
4157
5047
6738
7287
8862
5337
6421
8995
6484
5405
6836
699
353
1313
2135
2240
228
5848
7232
334
333
1176
1318
1954
8630
1564
4024
4164
163
6790
8402
2153
3094
2002
2875
9687
7718
9191
6044
6585
5950
4801
6156
5581
6945
6178
1231
3371
7220
2281
5238
1243
8193
8795
6940
2400
5492
3510
1032
6607
7534
7478
9276
2581
4053
7687
5446
7169
9725
6652
1185
6288
5344
2201
524
747
7346
5541
2015
9804
6544
2318
8645
2495
9816
6448
1098
2047
8056
8744
3650
4593
2343
7519
9853
4212
5351
6666
7595
3654
4377
7030
5708
3372
414
2086
6078
4376
6825
7853
1911
5895
7455
2465
6234
1111
7807
4425
6541
7898
4937
744
2950
9114
147
4255
3467
3965
7944
5663
604
8970
2532
9570
7733
7227
690
7865
5591
76
1333
3939
6587
742
7957
2105
5779
4215
6426
9584
3222
3491
7495
6062
2597
4722
9580
4844
7468
9901
1877
8319
5026
8526
2008
6102
606
1114
4750
4910
5287
8020
5602
9828
2324
1535
1503
2332
4954
1175
4574
7427
7839
5775
9416
3721
1383
3404
3638
4951
6387
3066
3082
9218
5095
1834
3007
3485
8547
9263
1070
3030
8357
4273
8100
6459
8476
5927
6493
566
1275
862
581
5085
2626
3873
8037
3057
4068
474
6911
5224
6048
6441
3954
1404
5586
666
3305
9878
2162
4673
9230
9397
4162
3031
8482
375
8711
6595
1696
9522
1524
4156
9771
6952
7760
2392
1494
6189
986
9184
8928
5805
9138
7611
3359
2357
7562
237
190
2836
8286
6856
2434
63
3380
6270
7319
5394
1910
6688
1931
7246
8426
643
7361
7692
1544
7498
3208
2785
622
4779
7002
4544
1361
1547
1371
3607
9316
8470
1302
8755
5045
3201
3406
4947
1265
9870
6871
3301
3077
4707
7091
5825
1996
7128
3004
2820
1661
7203
4788
6702
3223
298
2745
502
7887
3740
6806
3994
3694
2818
9117
2899
3649
714
8059
9956
5850
4454
5361
8173
1242
3842
8588
7972
9764
7528
7239
9306
9762
1542
5789
882
6252
2803
4798
7001
4681
671
7347
4813
3614
8360
5178
836
9147
3442
8788
5217
4981
9800
7244
8868
2736
7796
5437
3858
141
4147
7905
7601
6007
9835
7703
1368
5828
7483
8543
3490
1824
8836
4441
6055
5576
8655
154
1575
2919
6124
4899
6522
4375
4384
7130
7682
8994
5653
3271
4460
8826
4626
5343
396
1247
1062
8550
6573
8669
878
4275
8756
2227
8277
7845
1057
8308
3258
1130
1604
1782
1512
5877
8967
6868
537
4853
579
3774
9743
5319
1385
7323
6037
4322
2559
9134
174
342
7779
2033
6407
7813
8899
4297
7875
3128
6172
485
2920
3955
7802
9277
2065
8498
8767
6584
8997
888
3318
5081
8556
1060
9504
3142
3791
2267
7481
8969
2387
3060
9419
9769
3475
8303
8113
1667
8954
290
3695
7965
7651
3166
4227
5512
1131
9553
5792
2479
8230
3591
7231
29
7170
9790
175
4922
2792
9548
9329
8134
4848
826
5001
6376
6251
3455
7321
323
2809
6877
927
5245
2865
6266
3348
9961
2014
2776
6455
3756
8593
9118
4772
7174
9111
857
9987
9464
7505
4775
9763
3457
942
6988
3042
1706
2844
4405
18
6437
2383
48
6812
9152
5592
9907
9474
7419
7206
5077
9905
2915
8921
3676
3509
3642
6963
4423
192
2770
5151
6536
1042
5607
5150
3219
6614
7988
1035
824
21
1569
7127
9258
9044
625
3869
7238
4435
4205
8798
5720
4373
9815
8400
9322
2051
8096
4449
3458
5003
1321
4121
4752
5089
6950
2393
5466
9115
6926
8184
9561
137
196
9969
5142
1536
4451
164
3411
6359
2216
8224
9691
4061
9037
1177
7160
6768
2813
9648
5570
7062
5392
8219
5303
7971
1136
8948
4312
9348
7387
3999
9772
407
9407
8649
3560
8688
324
4222
7211
4715
2443
5598
2425
1002
3350
7120
6537
4268
9531
7215
1239
4326
4105
5851
9957
406
5921
9958
5358
9506
6152
9027
2165
4395
7928
6216
5691
8896
7614
3799
56
1889
1658
2876
5440
1197
6837
2791
4146
5654
9121
7720
117
3267
710
5595
4978
1001
73
2923
3428
6935
3026
980
9162
6954
574
5891
5232
2839
9084
7511
2522
3513
8309
4210
1682
5127
6511
987
1363
6924
6554
8527
674
8195
6590
4600
3465
322
9140
1067
6153
7036
4461
7482
9173
5814
1628
6076
5075
5038
7570
2137
1240
4862
2589
8192
9458
448
9789
9146
2833
7641
5017
1011
9497
3677
8049
9908
9136
429
6775
9340
3503
6309
7408
2984
9260
1310
1961
7550
9070
4324
4787
9729
6517
9825
1278
6888
3215
7023
3646
8778
9765
7049
5479
730
801
8587
6136
8256
5656
222
8848
5926
3146
811
6081
2107
546
8873
2722
9141
4596
7679
2742
5866
6807
5750
1814
9863
6255
3900
1981
4252
5356
6855
6287
7986
1125
7326
7694
7457
5424
8757
2122
1704
9795
2568
6444
8774
5441
9398
1589
12
7826
4883
3724
8352
8010
2202
5271
4805
3364
5397
3269
1505
7734
6503
1379
4484
5960
7697
62
5707
8908
514
8789
4967
1188
1428
9906
5823
7330
4299
8019
7543
9849
1030
1970
6810
7008
7487
3343
2575
917
5054
8507
5489
4035
1438
7028
2262
4258
9521
1585
1764
5011
6696
659
7144
3517
5869
7763
3765
2242
1238
2959
9641
5105
5289
2388
1727
2997
2414
6915
6111
5117
6074
75
9551
1909
1939
6816
3983
2670
9017
3407
416
2385
1676
9254
3956
6128
2693
6466
609
4271
3790
7038
6887
1071
1121
4509
9900
5923
5580
210
9684
3883
3059
7556
2692
6198
9747
2059
3658
4729
4317
6740
2048
3342
3512
6039
9473
4621
1448
8998
655
8929
9232
5705
6215
5944
8524
5109
4631
4527
3012
8735
3648
5236
4687
2304
6663
7792
9345
2471
4106
6144
7153
6974
4817
5695
1826
6230
8130
4430
2769
739
1401
6416
5460
6355
1854
5191
6881
3876
5930
8752
3952
916
5451
2203
5247
2494
3570
3028
6107
9991
9045
5954
8446
6462
6894
1893
4902
5317
8822
2650
3387
8202
3912
9930
9799
4773
5470
3218
8575
8189
3006
8538
33
883
6389
3195
5830
8271
7688
9582
99
8140
8212
8419
6830
4986
1988
5447
7578
4808
721
2507
1860
8501
1007
6662
5115
3867
7152
4066
2561
4607
150
1297
4668
8235
6848
6644
1218
3377
8169
1050
8837
9067
140
4221
8579
3802
3922
2478
3427
517
7678
4646
4319
5055
1713
1529
8643
3893
4189
3915
763
5129
8298
8069
3262
8024
2591
4898
5829
7340
1171
9455
9946
6368
6588
6479
9858
784
1365
2750
4052
828
52
9057
5902
6615
9866
4474
9409
1266
7131
6118
4099
131
173
932
1662
6381
6345
8449
1643
8485
8141
234
8612
8135
1485
4458
2456
7388
8122
6650
3663
9662
2835
7576
1890
4076
817
1740
9614
216
631
8945
995
9356
669
2563
6456
7121
5712
1219
5265
9264
5267
2380
8758
9313
8565
4549
6646
7440
8125
2136
1526
5842
3879
5743
2762
2306
5378
8683
2545
5320
5143
8850
4290
4760
97
909
6202
9651
2005
6859
670
3436
1777
5329
338
7486
2072
7172
7762
6028
1335
4438
3276
6518
3472
6549
4069
984
9372
7669
3750
2593
1699
5325
700
2231
143
8831
3186
8887
1052
245
1220
7959
4930
4523
584
5019
5070
7856
4225
8200
2578
1165
6645
2604
8394
7129
9161
6531
2133
1986
3933
9326
8825
1846
1639
682
4431
6258
6942
8107
1862
2827
6792
2132
1041
3010
3212
9753
4577
9487
4771
6384
9665
8919
3923
459
4710
6512
2878
3098
5907
8839
6893
6324
134
2475
1303
4903
663
3438
7188
6377
9280
4545
4485
2852
2390
2501
8983
3743
3327
6540
7707
6350
7911
5819
9482
1417
7315
7555
6334
4994
4672
9423
6744
1559
3714
6730
1206
7395
7841
8583
621
2236
1813
3272
4393
7175
7407
4996
7862
8326
8209
153
4350
7366
809
2071
6264
7646
3599
9371
8753
1951
2075
5664
1223
6548
7204
493
3353
4413
7093
561
3581
5029
7195
969
5844
1795
8120
7218
6560
7713
9188
1500
6793
2602
1390
5838
9672
1323
8333
1752
6610
6214
2849
5059
8375
8678
7571
321
3534
2444
2372
4181
9167
6776
7080
2310
9041
4854
9636
5999
3977
3171
352
2999
8727
96
8017
508
274
9463
645
5274
4155
653
9761
1328
4188
7530
2958
4417
877
246
17
9073
9560
1376
2238
532
9077
6920
961
3896
7629
3224
6494
4071
3101
6972
3332
4150
1689
9919
4985
8984
4039
6032
7155
6510
638
9889
2731
7291
4049
6839
754
8109
6473
2894
4864
6498
8698
7474
5400
2199
6112
8541
2232
9912
3334
5439
1004
8453
5650
7945
2039
8112
3711
3988
5110
9007
5448
1179
8054
4850
9545
9924
1640
3481
1517
1204
320
1161
4230
3546
41
5951
6672
9091
180
9334
4655
833
3351
5015
2874
3909
9149
1779
5553
9667
4277
129
6898
786
7837
8528
84
8811
619
6990
9437
6147
8578
8780
9440
9513
9923
7850
3370
2790
9292
9300
6575
9240
9852
2053
5101
7044
5461
776
5313
8128
3443
6131
5208
5600
8139
6231
5774
9520
9238
4135
5214
9895
5955
1942
9974
5099
9812
3116
6260
3358
9135
8329
7024
1724
4428
7978
1381
8648
5284
330
2974
787
6953
5868
2144
1675
9307
3412
6223
1400
918
5549
5164
7410
2884
3732
5138
1867
8149
2726
7546
1904
3138
7449
7655
9471
7634
1479
2285
9902
728
9347
7953
7525
3814
9403
6138
2438
5717
6013
4361
9592
6658
915
6944
6193
4129
9490
4821
2063
3521
7549
3664
4286
7618
4102
7470
8622
4518
6670
7086
3425
1749
6237
2617
565
7994
8295
2631
1666
8218
2491
7423
3160
6047
3545
3252
8146
1382
2468
3787
6386
9990
8119
102
6525
1317
6695
4269
3847
6299
5148
2026
6220
9269
9387
1866
4166
800
8821
6184
4695
3484
2896
4732
5853
949
6065
1580
2110
3785
2808
1229
186
3985
1451
1683
1008
4233
3310
9654
125
4887
3330
4953
943
4429
8489
8924
4471
427
8477
3401
1225
1878
4426
3165
8083
8165
7228
9153
5297
2104
8667
5175
4185
6667
3248
1656
4686
6245
4341
2614
3866
8552
1538
3502
8474
9066
4424
8620
1921
6291
6861
8047
3519
1420
2599
6619
8247
7464
3846
550
2904
8085
3610
263
7476
1468
3811
6063
7510
500
7401
8910
9157
2624
4525
4923
9883
8255
3935
7335
3394
2469
6380
8880
4991
518
3176
6733
7237
3815
9996
5080
6828
9899
7469
7295
7358
1919
5657
9236
1610
3143
25
1256
3643
1377
6330
8589
2175
7915
4756
7324
5250
5415
1875
6506
332
1251
5608
2320
6022
395
8499
1806
4796
4191
4661
1983
2891
3069
9532
2595
240
2684
3423
9595
5684
1254
4739
7723
796
5528
7381
1785
3527
3868
5436
203
9069
7345
9660
8270
8403
3553
8521
6747
5732
372
8731
2788
2078
5820
1802
5940
4530
5787
7927
4664
7445
1868
2292
7866
8415
3163
9216
2993
1729
5463
696
3542
8425
319
3888
8358
5536
2546
2220
5533
8191
920
1068
6024
6562
7265
1294
5395
8491
990
2445
2678
4051
7033
7162
9756
124
5219
9965
527
2598
1341
38
3415
4371
326
6367
6864
3400
7766
1147
8586
7783
2612
7746
1078
2276
32
1336
7284
2106
7391
3153
5948
461
7804
4075
7281
4151
7066
3206
3090
8385
4669
5302
4948
3390
7384
688
2526
5763
548
5043
6597
1481
6686
9476
2685
3890
6431
9920
2666
6553
5658
7542
4968
8382
7095
3015
9652
3480
1657
9588
2426
5018
7943
3661
9503
850
5419
3887
6301
1838
1780
3970
2618
3776
3737
8793
6316
2349
8606
2057
9021
7103
4411
8138
603
6328
8316
6344
2825
7180
5241
8297
7672
6633
5331
7123
4366
9384
2350
4683
1234
6834
9689
8335
3718
4109
7067
9823
4820
9168
434
7435
9964
8364
3154
8712
4131
9333
7145
9750
8557
5000
8942
6801
6293
7390
4117
451
7189
4214
4368
7956
4400
7492
1548
5385
6763
3764
2171
2146
7916
4700
7949
3877
1553
9494
7444
4050
2860
1040
3604
3333
6207
5531
3023
5557
5147
1603
6235
8287
9075
2574
8558
166
1307
4171
3189
8773
5209
5223
3518
9510
2686
9214
5130
3087
849
7471
8941
6900
1793
5389
6168
9558
2061
511
5836
8093
5621
968
4133
7467
610
8276
61
7858
7430
7032
8692
8073
1587
9845
7278
6997
4628
3653
9245
5391
5888
5563
9495
4025
2651
6637
5662
264
6222
6396
851
569
6976
5617
4077
9911
2640
4260
7789
8569
823
152
255
3881
8262
4088
1763
9028
5229
6029
6891
7903
708
4359
341
3997
7205
2223
5910
4563
9253
122
5301
3725
6042
6404
3178
7531
8580
3895
2260
5614
8167
9029
9779
1456
751
6123
1137
9192
5194
7831
3078
9634
9225
4095
4608
6302
4581
3674
8106
588
9518
8736
2733
4675
5407
44
6438
6439
4190
8296
7013
7767
7539
7958
3379
4477
7566
4791
4774
5031
9657
4737
2856
2234
3531
7699
9948
3109
8886
3976
7724
9466
2649
7787
7705
4236
8311
6530
5299
9879
7924
1497
8161
94
1069
1767
9338
5596
4926
5322
6545
6259
4973
4528
4905
8646
2492
3168
4919
2205
4585
1143
3632
46
3246
4338
7778
8742
437
3237
4064
3511
9019
2054
8196
3612
3899
5196
4641
7805
8718
6782
555
2729
4167
3656
9604
8694
2588
6084
6751
2490
5515
2127
7701
7652
7691
9836
5980
8702
391
3812
8016
8044
4889
286
9182
6360
9151
7245
3179
540
389
5273
9095
1272
3434
6647
4851
722
2249
701
1398
1327
1929
6958
3736
2018
9174
1192
3341
5968
6332
5744
4256
8764
7132
6572
8797
6761
3383
7607
1989
5006
8206
8680
6745
1190
9315
356
8851
4552
5964
4136
7178
4490
2377
3629
4620
5671
8101
3150
5453
2312
6677
3580
6077
5184
1087
4662
7229
4143
5798
9527
4280
7575
556
7362
2675
2537
1799
7247
8372
2019
1066
7794
3282
4195
5454
3779
8903
9677
397
4263
1079
1653
9608
7722
2367
1431
8866
926
9874
8388
4032
8110
7919
7004
573
5338
7173
9871
9408
2278
1268
5202
3738
2653
8356
8444
5945
6490
1578
9642
8182
4714
8991
2003
1980
3769
4539
5435
1375
9820
958
3449
5256
5408
9539
7377
5258
7620
8828
4240
1155
2725
6995
1788
7254
2934
2728
3433
5898
3971
6795
7527
4521
8236
3577
8321
8157
2527
6754
4110
4301
8999
200
2125
8509
1976
4396
4708
1509
4865
7226
4925
842
8272
1012
2863
3667
3891
8977
1830
6164
8570
2140
7523
2916
3541
4560
715
6966
7765
4388
5186
1227
2709
4394
737
4070
1241
7599
2861
2622
2464
4033
1391
6093
5782
8992
7868
5859
3805
1588
6724
1014
4363
6071
1791
7006
4588
4592
1262
7621
1736
1221
5174
1315
3027
3054
2422
1502
4446
9955
684
6436
4311
1427
8007
9573
4001
8931
2981
7592
831
9550
2924
4122
5861
4437
8281
3536
2664
5282
6129
5530
819
9544
5076
9447
3288
7823
418
2980
2637
9748
6555
5027
1747
5212
4329
4691
9120
4616
8604
6968
8150
6832
937
3435
5239
5626
4657
3579
7041
9785
5735
2817
5897
8820
49
8337
9224
6446
8015
5476
8642
3526
2880
3844
1419
9896
4757
2016
8378
9339
335
463
2269
2154
2782
521
9176
6578
6027
9735
497
9929
1707
2119
1966
2090
897
3562
3798
6432
3129
6186
5864
4841
7460
2484
2837
4304
2365
4891
4890
4251
5913
369
4217
6693
3691
9880
9129
983
7873
2512
6273
3636
8448
4315
2638
3786
1534
3963
2781
8346
4751
8809
1496
8679
7334
5037
5088
2180
2159
7475
9024
9030
2682
9426
2347
4896
1325
9319
4270
1441
4665
2979
8843
3634
2200
8001
3981
4972
1670
7657
9206
1236
5493
4011
2717
1402
3302
8537
2873
2401
4414
960
972
4124
2544
2012
4328
5687
8772
3018
5780
5396
9451
2212
8747
7256
1244
3729
6354
7378
7545
2416
266
7936
4692
7821
8152
7010
3860
6009
8632
5745
5882
9685
1823
6946
310
4073
1583
3403
2740
4000
2743
5456
9388
3898
7216
9438
9726
4111
8285
1245
7064
3085
4148
2301
2145
3369
575
2161
1142
577
4455
7775
1755
5761
4635
1501
7225
5065
9085
1717
6095
9916
5872
1605
7861
9102
9401
4320
1888
7695
2926
4218
2029
1950
2613
2518
689
3416
516
3587
3002
42
6757
7070
8972
5084
7099
9802
7589
5225
5612
9209
9296
7852
4701
1264
3548
1934
5473
5123
8225
6080
1882
2930
7375
3177
858
2432
9780
495
6468
3593
6177
7619
4067
7271
2081
1615
4786
6449
83
724
90
717
6712
202
9976
5582
3556
834
7217
7750
305
1099
1442
1257
2798
6297
5639
791
4770
2406
3089
9380
5623
3905
1112
2895
4998
6420
1998
2991
11
419
8608
4385
8494
4823
1957
1737
7736
2719
1617
4833
8386
2296
2215
2679
8639
1572
6753
5052
1859
4063
2222
2864
3690
910
1053
4785
8417
3410
1871
3254
4017
311
1152
2404
6623
711
6188
9596
4306
4154
3489
2163
399
7102
3837
2662
7661
4321
996
2233
9626
7502
4309
348
1665
6784
614
7332
9054
1490
1320
5594
3424
8459
8473
9165
9918
7276
4845
5069
4542
5255
7140
4753
7547
538
7183
8961
7072
9671
3644
8042
8897
3244
3535
2280
9676
3368
667
7648
7317
6015
8549
4911
2384
9927
8374
5162
5809
7394
5731
6921
3592
6342
2510
6725
4007
8098
4204
9200
6710
6777
5616
4307
5442
7179
8158
5203
258
1100
7314
7929
9148
8104
2929
9515
2184
7914
3185
2557
8401
8710
4984
2611
9517
7428
607
8361
105
6221
7860
953
7522
5914
1000
1718
9241
3417
2753
5074
7654
4966
4100
4591
4172
9500
6096
2103
9022
5873
5275
9107
657
5139
7816
9304
1370
6447
7293
5352
2035
7913
8163
7557
7488
9112
1116
8530
4992
2921
2308
8041
7996
778
3878
6889
7795
5619
2937
104
9203
8769
8105
5520
6453
7727
6282
7338
7586
633
462
4658
7353
7063
3268
1969
7685
8594
8214
6373
5220
9963
4152
6961
7693
3234
6737
6561
5002
8344
8833
5760
6931
3474
1037
7577
7885
3583
5773
5465
7740
6524
7662
1789
7754
9286
91
6982
2898
6228
2540
7761
9745
4182
8355
1597
6406
6140
8647
6262
4743
1024
80
8573
4354
5629
3841
3699
1039
8779
6932
2436
8032
6603
7043
3908
9768
3175
8824
753
812
7196
9827
3298
2430
3734
1452
7803
9508
8484
3270
6601
8664
3295
4572
4566
5377
2250
7115
1210
2596
2936
6226
9942
9229
5141
664
7812
9808
4141
4652
2953
8278
2126
6041
5161
328
748
5359
6849
4594
8071
8201
697
3323
8438
9787
3251
3561
6815
4706
2964
637
8181
7730
4209
155
9670
772
5487
8486
6596
5757
1754
1678
7583
3367
4279
3710
7615
8863
3949
7863
8461
110
3437
3941
4694
5821
3191
2968
9556
9488
558
8703
5802
9938
6580
280
3041
69
5505
8637
5496
782
2961
726
3702
4242
5106
7105
5575
7005
1808
2998
7197
2375
7567
8058
9433
8600
5370
5009
4253
7210
6240
1023
2101
4904
488
820
7350
5381
7568
7598
3940
1518
8634
5197
2548
5086
2939
1840
1148
5683
4235
9981
4083
3136
1123
6315
3500
1720
6907
4559
9020
2091
7118
9294
2830
6840
2286
7207
9267
2987
867
5462
4443
4648
9342
6383
2487
9696
5711
1600
7082
5205
8314
3972
4726
7431
7514
5286
1380
6701
1056
5880
5648
6313
6340
4096
1476
5502
3953
1415
6362
7613
7922
4727
1858
4323
6685
378
6803
9698
974
2995
9026
2064
1947
2011
9565
9235
1492
438
3164
5310
9881
3081
5281
1195
5978
9450
308
8072
8175
5542
8092
58
2476
2910
4705
846
6521
868
9783
2462
5966
8312
4159
6378
2056
7298
4108
3855
2028
7339
7932
2302
7790
5023
8915
3058
6797
3210
7253
6732
3102
4758
9995
6794
1464
9079
9432
2855
5021
3619
2457
8750
3354
8029
8922
9797
5328
347
9181
4529
3874
9123
720
5637
3830
9492
7017
8251
5546
2077
4654
1558
9443
4331
5122
276
4802
8870
5443
6433
4
3768
8495
8875
1541
8342
4200
8947
7925
3193
4974
7124
28
5641
7039
7182
436
7275
7667
6687
2582
975
6322
4115
6729
4043
2177