600
404
946
713
182
617
315
723
915
383
653
238
258
665
3
560
782
181
61
373
979
912
296
451
780
597
569
888
927
946
71
347
869
832
11
850
305
667
522
469
698
977
154
424
229
814
942
812
571
636
441
919
472
837
471
394
780
228
16
973
768
927
888
706
34
585
636
686
610
154
855
273
333
192
669
150
276
771
368
459
108
232
584
251
663
613
542
94
872
477
487
716
289
185
633
35
577
162
739
184
87
729
169
24
546
176
270
591
944
719
589
447
566
534
684
892
63
896
910
120
432
104
688
229
918
432
508
765
384
538
386
225
101
626
813
845
1000
281
13
496
375
25
853
936
505
385
863
44
998
71
443
585
729
570
14
253
508
932
431
335
492
423
402
40
61
624
494
419
935
724
608
801
402
620
416
974
289
999
710
40
604
674
936
533
745
695
785
601
844
276
634
362
4
124
223
396
545
707
386
971
685
417
747
705
190
937
628
543
124
372
396
91
635
342
166
378
327
77
60
344
89
404
371
753
548
488
700
82
470
56
214
375
799
943
84
654
953
637
394
705
743
109
538
340
919
485
991
486
969
723
498
359
392
350
29
720
756
571
910
715
309
347
537
692
988
647
573
701
700
804
110
582
196
651
412
313
347
926
266
242
902
630
199
564
660
268
744
22
558
101
681
789
531
256
958
434
91
370
767
286
666
286
262
962
919
113
683
757
320
534
730
969
216
397
706
276
287
258
512
350
604
551
677
956
875
570
356
46
417
953
935
823
140
795
41
432
706
287
788
72
656
536
510
334
507
920
450
311
23
866
207
613
579
910
517
672
759
478
413
642
459
540
109
685
378
726
743
884
339
616
281
626
236
280
192
631
671
992
493
970
807
687
24
251
824
115
285
578
670
786
979
837
412
56
972
57
516
20
187
481
629
29
197
400
16
823
349
940
642
390
833
782
498
779
119
949
760
821
887
45
120
439
761
375
247
498
259
463
249
715
388
184
646
17
190
354
257
847
736
230
977
817
255
914
687
520
345
815
126
403
867
964
45
429
812
614
722
57
870
761
461
551
168
944
196
944
882
250
692
635
410
730
397
37
850
353
700
714
88
92
376
170
83
448
253
93
168
288
71
865
559
177
659
983
563
804
970
783
999
995
160
103
806
603
747
506
697
413
251
249
719
754
139
507
962
89
755
525
126
10
432
458
207
994
89
162
932
545
783
688
456
892
554
95
980
575
94
153
495
311
750
857
106
672
361
312
867
492
52
720
435
530
335
859
316
922
967
825
308
658
437
32
356
541
642
984
298
599
762
748
841
151
83
221
193
36
372
444
820
996
619
761
646
339
969
821
255
309
291
886
189
432
452
805
253
431
176
350
374
197
68
469
155
817
966
775
420
348
704
239
66
586
883
254
288
598
801
407
792
149
932
1
883
348
35
587
769
109
481
545
8
464
279
629
591
86
889
418
332
300
942
14
401
30
376
476
993
415
809
47
928
77
469
758
759
648
678
474
696
520
694
365
411
179
637
24
136
223
566
765
941
191
920
137
74
201
612
476
363
1000
737
534
367
656
59
937
654
958
466
252
760
122
39
919
956
505
327
783
154
848
469
973
970
171
33
355
675
599
796
423
65
370
218
749
949
867
168
113
922
673
127
827
244
461
176
203
881
472
570
790
908
988
723
13
734
996
926
94
212
781
820
280
595
624
286
492
77
871
942
645
58
520
565
55
992
194
116
701
308
652
703
103
989
173
762
368
266
109
995
133
184
813
773
619
465
421
729
108
387
455
798
351
56
988
847
982
29
513
891
764
287
415
447
24
517
64
22
802
769
286
187
651
701
270
847
29
902
462
841
317
840
92
147
484
654
788
672
397
754
673
127
617
345
445
986
573
976
795
147
956
597
419
729
178
172
246
898
438
631
976
564
995
46
250
653
579
623
144
404
655
191
741
25
348
806
811
125
850
797
799
914
164
682
530
458
199
450
894
266
470
380
572
427
982
314
83
810
318
39
276
654
637
755
925
865
634
289
429
929
159
35
681
891
970
332
649
437
489
295
89
106
584
242
569
901
931
179
399
556
45
939
504
116
791
566
7
362
508
892
36
43
795
523
963
658
788
244
283
511
758
557
652
228
982
621
538
548
824
673
644
220
276
731
4
524
237
669
467
536
597
792
443
240
750
204
726
277
838
768
97
842
98
561
775
670
244
679
913
974
319
141
624
181
690
117
662
537
825
582
998
873
634
886
882
948
361
321
654
132
991
262
179
760
520
639
775
163
226
420
877
564
122
87
571
189
560
903
970
518
739
323
311
708
235
308
933
165
196
533
153
182
142
437
695
935
291
79
312
959
524
991
190
285
261
45
375
249
186
673
497
476
825
913
692
277
696
197
173
131
438
632
445
278
81
254
529
785
86
72
357
824
123
835
770
346
83
75
510
230
75
511
103
155
62
301
272
213
664
466
646
450
150
292
717
162
168
88
760
269
749
525
327
59
104
262
485
303
186
342
544
877
787
647
115
278
437
735
329
650
41
916
557
186
109
328
339
194
460
992
423
461
164
438
711
545
201
995
677
423
740
243
526
892
533
860
852
998
906
59
8
742
475
924
510
336
76
849
454
684
325
716
806
805
760
656
74
601
306
982
466
63
547
807
161
232
676
242
524
628
749
415
993
249
803
861
963
104
36
80
377
21
545
137
92
850
265
644
198
919
549
198
790
858
280
458
658
83
691
736
749
94
417
500
920
965
3
905
195
832
158
367
983
996
605
382
285
867
768
116
202
790
454
16
954
458
576
916
234
212
697
966
962
786
404
560
229
33
786
896
564
461
643
876
791
467
657
196
140
928
573
837
847
284
238
853
432
956
888
75
795
927
800
516
46
245
320
30
45
712
615
131
634
997
363
828
446
891
597
773
176
64
381
16
161
138
782
211
445
853
458
675
338
642
439
918
387
691
164
259
46
381
596
49
640
743
564
939
458
658
255
803
205
739
434
188
371
672
539
173
270
596
617
303
55
294
126
751
309
947
386
766
592
68
367
365
951
532
142
563
509
776
4
592
49
848
840
568
326
359
898
593
408
306
254
712
100
39
726
471
275
392
897
458
591
910
204
801
940
253
626
70
651
118
882
889
35
225
633
851
370
115
503
159
812
571
734
942
3
970
558
820
220
516
690
709
937
446
107
744
456
177
699
844
395
319
758
82
305
919
276
923
610
881
55
882
695
978
185
343
535
752
391
744
458
118
209
94
471
625
835
182
862
943
596
31
427
632
84
568
342
117
789
306
711
987
689
86
815
650
23
761
334
720
401
25
593
427
322
242
984
413
665
513
983
339
707
157
848
349
177
613
444
779
230
976
291
865
157
458
158
171
233
557
664
49
627
322
526
799
154
426
2
803
242
767
445
343
659
115
738
182
344
583
537
919
10
782
395
985
563
364
333
454
31
627
484
567
142
667
378
775
482
772
733
566
510
192
418
349
931
686
979
772
441
718
589
258
135
751
946
57
898
82
52
230
376
359
630
764
812
219
166
502
625
622
105
91
329
419
37
45
814
29
266
957
981
902
35
57
401
267
418
323
177
69
285
568
414
86
119
539
162
481
800
110
408
650
84
891
101
374
869
737
916
546
95
997
76
155
903
67
174
196
536
438
248
684
758
975
224
825
231
307
836
1000
633
789
242
426
568
636
719
76
212
68
474
541
475
584
520
978
818
354
673
342
432
526
675
346
481
684
352
696
549
535
237
221
63
525
978
279
890
679
855
847
329
536
106
909
227
792
927
269
747
27
448
541
298
215
539
198
706
942
711
734
880
697
173
17
51
373
261
607
894
893
823
184
878
491
181
824
493
561
170
68
199
194
714
925
315
15
244
632
606
976
786
256
359
180
863
254
285
994
162
468
642
724
795
945
47
793
455
414
419
870
774
1000
640
899
425
237
204
927
557
760
139
937
473
260
537
645
514
107
295
332
767
229
370
598
627
425
411
274
59
173
466
537
544
183
130
982
359
324
804
495
537
929
7
671
185
466
461
256
830
541
311
29
819
112
77
656
832
484
879
816
672
795
881
890
760
767
582
965
832
783
136
154
175
372
413
447
420
961
68
687
18
225
918
479
22
217
18
790
228
715
487
631
109
341
569
982
621
821
987
547
480
483
624
513
374
774
31
809
176
557
10
892
272
18
120
880
843
142
887
151
710
132
190
462
413
313
876
949
549
731
550
137
678
775
607
224
92
696
34
767
289
883
77
796
35
858
365
23
81
802
619
272
110
901
252
712
32
402
842
890
923
282
273
80
660
638
564
885
867
202
333
750
661
578
822
644
33
715
627
696
522
150
234
267
888
452
409
29
215
711
857
565
502
761
304
969
401
652
71
995
349
928
929
252
40
849
599
580
889
952
350
558
219
379
912
617
37
238
389
994
925
981
677
545
275
212
864
960
899
173
656
434
618
794
753
504
93
896
11
488
180
496
309
350
989
248
288
254
697
398
323
506
181
451
105
100
540
928
549
34
269
101
502
153
126
632
526
852
373
271
461
768
825
8
43
937
509
975
727
426
502
255
379
43
388
769
510
34
728
917
98
250
762
539
912
139
16
766
68
614
786
514
232
327
301
376
131
551
493
502
349
806
91
272
972
117
95
600
680
364
86
371
907
583
201
260
801
847
782
935
507
599
118
762
741
751
333
309
477
621
169
339
792
743
447
633
889
153
773
372
548
610
943
648
94
484
7
964
398
988
840
914
663
216
196
723
211
485
559
390
207
947
783
888
530
336
859
716
482
109
157
392
225
42
52
546
392
535
756
918
471
818
902
534
942
605
628
904
141
327
885
619
86
34
176
689
112
540
120
433
725
47
347
746
534
73
911
4
935
289
164
48
973
175
751
106
652
207
707
56
553
303
927
301
978
938
579
929
872
580
222
532
927
254
506
167
251
878
391
31
720
793
825
257
178
235
864
228
495
154
535
910
249
493
493
771
20
582
328
460
507
755
38
180
688
491
244
648
21
84
214
197
668
878
219
71
625
395
424
327
588
872
783
88
253
563
530
351
462
484
466
258
916
4
1000
546
994
529
42
965
896
282
420
258
173
882
821
700
670
644
19
160
953
184
820
287
652
556
751
438
345
670
831
73
798
423
195
309
662
109
785
394
676
850
998
153
523
387
389
942
480
132
7
878
479
632
154
400
931
903
995
536
681
307
658
183
60
217
555
392
770
779
218
58
325
827
61
156
132
813
483
616
904
208
633
852
14
927
471
957
94
492
78
363
240
701
860
456
834
91
814
519
878
417
452
423
257
276
945
356
248
633
535
327
352
768
718
123
469
951
143
562
208
14
70
350
56
426
329
676
182
982
162
45
872
543
755
508
728
293
140
396
511
666
595
844
920
230
166
632
767
973
279
837
816
726
899
746
641
264
587
963
942
262
396
929
331
482
940
203
317
500
813
320
498
148
298
724
311
704
665
226
942
829
337
687
1
497
320
939
897
74
687
212
438
774
920
937
580
224
684
184
504
195
417
28
59
710
620
35
240
416
264
746
718
443
657
162
733
990
758
4
647
868
532
801
406
664
596
779
229
445
710
586
777
332
459
111
615
678
756
145
769
415
104
932
601
498
342
251
907
58
486
16
846
63
593
628
739
255
494
1000
745
439
48
658
936
941
19
902
50
671
246
370
813
543
704
213
5
417
184
841
56
986
434
607
97
216
52
298
358
409
493
934
798
970
886
461
684
21
287
86
746
729
13
304
690
323
736
690
623
260
646
773
204
349
679
45
410
29
201
544
753
919
381
839
721
385
315
112
718
884
565
48
842
72
614
103
820
200
74
765
786
619
664
13
783
939
918
912
674
452
8
125
695
79
297
517
57
829
673
599
534
1
207
539
576
196
807
338
288
81
85
537
271
247
458
38
573
176
468
411
556
815
861
993
808
24
741
593
153
464
17
815
208
974
860
397
723
23
759
533
97
579
734
484
675
248
132
827
405
79
863
95
190
721
987
151
440
509
166
331
635
953
74
33
173
432
635
764
512
28
899
237
86
208
771
547
805
407
495
624
466
582
35
878
87
655
981
698
497
697
165
886
169
213
401
763
740
951
325
560
802
677
430
151
687
659
265
283
735
962
572
439
256
953
177
975
588
696
420
965
353
520
598
707
753
143
351
734
890
956
685
622
850
120
636
926
225
755
679
310
775
681
910
330
393
637
304
235
640
739
494
641
871
7
124
958
601
321
483
293
282
419
85
627
155
723
205
412
292
67
516
183
647
722
33
767
443
321
35
10
928
327
629
406
788
34
933
381
981
616
376
909
877
532
206
383
359
598
993
951
42
917
238
841
764
634
568
58
596
993
886
582
936
11
512
651
284
175
327
536
854
842
888
87
727
277
329
902
907
449
90
25
128
646
530
223
602
231
607
470
977
231
589
72
62
742
962
369
698
603
755
369
86
345
103
969
504
625
616
179
517
302
93
420
460
820
571
619
505
647
677
175
779
813
991
420
317
530
156
280
40
803
627
546
773
841
714
792
260
257
612
377
860
851
958
227
250
544
293
26
211
496
589
98
882
910
747
469
351
698
952
100
80
641
789
776
971
514
458
940
550
475
287
79
584
453
511
360
80
405
23
13
740
67
736
974
978
949
189
705
426
699
578
113
579
888
218
605
647
414
132
995
977
979
609
984
962
66
358
3
592
406
396
94
831
297
640
569
917
277
43
473
202
957
189
142
780
224
124
807
440
900
976
404
313
866
649
762
65
354
682
87
136
53
421
504
930
991
537
891
256
814
53
856
864
329
643
488
404
272
392
907
205
284
176
401
511
357
765
66
597
206
441
247
992
802
451
579
542
403
471
652
175
761
484
635
497
77
683
532
490
93
52
106
5
165
508
621
647
737
783
803
460
369
309
995
781
576
522
930
450
55
435
16
394
396
320
718
28
676
174
154
484
399
153
196
952
940
337
552
81
44
270
32
755
61
510
773
544
570
37
445
298
204
704
996
171
288
33
315
577
174
724
773
466
963
245
425
653
884
824
105
708
568
29
712
522
600
831
91
906
264
788
620
525
889
720
908
516
852
24
181
464
370
64
957
790
121
340
808
478
226
935
954
729
871
820
328
245
555
13
981
551
976
354
985
5
616
158
272
484
896
984
931
164
991
653
743
508
781
484
755
72
694
362
997
123
556
366
637
542
778
110
846
660
780
793
584
842
201
280
764
973
520
313
63
886
288
278
676
319
470
155
868
816
198
814
467
871
152
408
194
730
862
940
545
580
567
216
904
505
666
808
842
431
426
104
301
717
31
144
165
750
478
405
170
85
806
64
358
76
177
946
853
254
765
876
705
897
212
350
71
121
28
212
137
422
81
303
584
605
968
621
744
425
722
707
929
556
887
515
659
133
471
478
254
951
267
151
564
334
926
607
243
929
436
15
181
619
126
215
887
512
642
942
364
983
901
861
338
385
689
493
898
78
773
30
680
326
684
504
140
533
971
339
572
112
211
100
53
272
584
337
548
865
899
12
254
412
184
671
712
482
37
812
948
399
710
802
859
267
929
813
75
569
532
625
824
460
829
437
562
110
359
78
662
504
44
408
293
744
650
600
261
896
633
870
214
83
669
812
977
671
12
19
37
7
256
513
568
203
414
138
980
411
396
630
388
640
817
269
698
937
377
244
284
867
916
935
200
679
234
211
153
802
60
649
329
708
797
633
187
881
400
181
602
598
469
823
53
686
578
111
582
246
488
776
524
117
270
334
364
133
370
301
774
956
327
152
114
241
805
444
308
306
547
146
993
4
455
47
555
389
267
984
233
435
138
394
381
751
195
421
323
978
955
788
462
131
416
9
420
566
34
73
646
499
816
869
730
328
266
967
864
650
214
258
257
226
583
87
235
270
371
405
588
637
15
252
826
706
56
423
917
939
372
925
551
993
26
895
427
398
311
688
482
56
903
153
598
965
285
837
827
223
715
749
56
391
91
213
801
136
748
142
118
901
450
541
309
33
896
327
947
869
595
307
954
320
875
250
294
898
1000
627
809
107
917
921
304
573
226
662
457
187
908
458
628
7
755
460
814
33
713
146
639
364
660
979
604
423
916
578
719
630
23
236
712
934
400
110
773
63
591
246
879
692
970
967
759
967
220
619
933
5
724
424
553
69
903
451
856
126
560
220
279
844
529
246
545
601
564
211
538
964
258
502
832
448
836
35
717
454
7
95
958
692
370
328
726
941
556
255
524
141
260
840
926
115
38
405
141
744
790
263
392
843
338
887
454
112
576
41
160
914
851
240
533
942
466
709
984
365
946
798
379
3
615
813
119
324
387
534
225
726
403
922
44
393
629
522
26
605
331
283
963
630
645
676
58
426
383
706
901
736
233
184
400
476
525
14
433
88
644
546
230
984
833
525
990
22
441
462
652
929
473
719
922
78
197
271
426
521
210
657
619
959
307
3
710
825
370
841
990
125
678
993
667
69
290
477
387
600
447
91
572
650
794
182
489
322
990
431
209
129
774
710
837
953
312
858
434
554
314
533
909
399
36
196
870
927
839
449
285
925
36
986
145
143
377
589
218
284
769
84
313
713
865
874
15
844
806
708
466
896
656
73
175
88
979
710
971
289
91
228
689
585
974
227
423
249
423
233
107
303
284
795
877
65
725
401
280
874
452
291
538
509
725
383
892
593
792
865
541
205
204
49
208
160
389
362
88
99
911
159
712
765
505
735
349
387
142
55
890
709
87
180
57
875
956
60
885
185
403
483
395
251
314
745
737
194
368
589
435
959
203
115
162
112
143
190
32
952
76
417
892
94
560
629
234
23
770
232
928
503
807
138
725
256
861
154
179
333
126
566
499
448
816
551
657
249
432
545
145
927
713
414
326
748
651
846
225
906
814
951
659
445
531
881
862
336
838
437
287
316
198
273
724
237
207
585
742
183
560
332
512
420
323
421
853
153
453
237
978
397
507
554
823
566
747
756
907
236
424
367
15
209
684
651
459
266
785
171
231
918
92
845
926
3
864
722
688
46
842
219
491
912
143
767
51
85
504
562
532
840
659
114
624
995
279
513
941
794
539
627
767
764
332
499
97
129
139
847
472
238
862
252
349
975
793
432
879
542
758
663
402
660
793
106
908
936
12
132
518
603
994
779
259
919
100
398
446
509
707
103
54
138
7
741
540
697
200
721
902
775
456
661
97
213
488
525
836
601
903
725
299
722
514
51
58
164
655
31
628
131
448
791
660
753
634
498
976
114
874
446
664
856
821
464
764
973
740
700
86
18
384
908
813
396
789
497
973
630
210
131
319
249
695
450
947
85
302
623
313
710
431
993
972
525
28
887
677
623
539
573
142
836
757
812
709
499
227
490
231
925
971
157
459
449
663
473
785
478
514
233
953
598
178
483
736
542
237
858
746
840
414
267
535
317
114
829
246
447
494
665
715
884
358
831
554
207
368
430
197
553
765
17
961
880
882
2
457
619
538
806
174
326
179
294
64
692
228
225
558
139
869
374
213
485
499
764
908
720
598
38
733
648
117
944
697
504
808
850
672
601
480
918
568
898
805
115
323
995
860
739
1000
533
565
960
725
547
133
949
131
635
791
819
500
178
809
660
72
36
923
657
288
228
570
509
363
857
275
116
906
304
775
876
219
139
418
566
577
343
300
516
874
659
895
572
517
209
212
699
148
679
10
147
599
803
410
765
247
601
666
900
759
569
475
541
170
519
287
743
526
490
626
68
341
707
842
978
402
37
728
157
429
879
927
585
660
721
388
423
563
391
801
724
864
493
445
930
378
451
844
63
8
838
179
444
682
226
956
124
76
765
700
606
145
867
310
30
295
682
870
372
520
90
322
143
169
266
140
1000
311
428
669
24
615
293
580
375
402
669
469
146
852
588
786
572
915
184
369
285
588
956
297
952
770
496
323
857
933
650
259
402
339
788
372
482
859
564
551
966
142
972
465
211
659
407
129
183
807
173
894
153
12
879
758
740
723
205
943
800
504
139
649
700
951
554
834
488
730
747
874
283
778
258
879
381
559
536
238
817
204
532
322
955
120
450
408
456
732
880
68
530
787
171
740
349
667
372
770
611
237
92
125
658
411
815
978
929
118
112
482
356
670
324
409
923
465
492
981
915
454
711
567
275
875
563
201
976
599
648
252
92
230
211
393
366
929
154
77
389
149
598
20
705
47
47
654
179
945
511
454
141
197
964
692
381
150
988
902
732
847
798
574
248
366
742
876
397
118
718
954
960
777
294
540
477
813
781
833
943
744
19
782
224
192
659
182
444
945
254
231
371
842
44
315
284
806
991
330
613
424
684
406
56
685
273
484
813
851
485
649
102
890
11
758
960
65
518
982
711
131
477
754
944
953
62
673
407
391
491
89
121
719
751
778
835
213
382
317
686
299
757
613
422
848
522
343
923
647
455
558
416
564
253
425
134
566
897
389
383
892
392
752
715
127
649
783
915
46
694
768
480
467
7
689
1000
590
525
939
622
104
319
414
624
500
31
845
869
820
763
624
826
997
502
79
264
168
585
588
245
209
40
982
38
546
248
646
797
254
656
347
431
16
240
554
917
758
128
652
83
502
804
909
144
338
497
619
219
501
280
970
81
513
591
500
913
457
360
890
528
937
642
913
902
388
121
105
88
959
286
304
156
244
689
571
765
744
47
64
894
920
110
631
464
420
376
32
209
217
274
492
405
339
731
862
19
87
744
231
729
318
969
894
117
746
151
638
88
657
419
945
60
71
456
546
177
829
618
578
744
97
537
989
955
682
619
686
120
787
317
137
511
650
290
260
32
761
352
903
678
129
694
902
818
412
462
245
766
601
107
702
84
854
480
345
584
436
200
140
245
111
591
3
204
127
135
806
615
477
462
881
112
649
397
219
213
325
548
78
27
662
992
850
960
151
291
765
217
54
809
203
419
403
863
26
81
546
982
643
47
332
806
591
441
652
206
186
604
825
633
96
331
911
817
989
774
992
26
256
204
190
264
564
251
32
531
547
114
704
237
254
805
503
972
198
993
454
908
406
713
837
531
729
830
864
317
390
410
327
136
830
263
652
93
314
981
849
494
510
803
734
879
516
958
498
879
56
911
333
104
301
6
639
324
404
762
820
180
902
419
295
701
38
272
263
948
231
652
240
406
967
630
327
135
420
748
988
887
439
279
760
42
215
896
365
124
472
529
883
813
570
787
881
879
266
929
222
289
737
684
207
132
396
974
707
779
776
155
732
29
863
405
457
944
293
163
980
446
394
854
142
998
254
280
419
839
592
258
276
107
308
374
224
832
818
742
310
748
83
838
214
893
424
149
197
389
446
73
328
379
736
18
227
57
510
519
686
429
572
724
94
63
120
356
160
318
554
63
364
610
569
569
617
56
893
745
772
722
232
290
452
99
930
657
308
596
602
877
373
995
904
207
933
656
256
122
167
354
787
494
527
893
627
691
681
229
34
535
860
88
529
911
792
695
631
349
238
495
487
65
861
445
795
497
465
264
458
749
600
713
586
642
658
574
668
973
10
335
369
542
28
814
352
915
435
906
143
46
990
842
84
386
520
957
323
773
281
544
590
934
255
806
984
642
1000
994
1
533
78
136
972
57
539
720
381
5
584
851
477
434
860
574
594
430
787
804
941
487
587
219
48
499
27
772
218
216
163
110
783
256
498
781
448
957
150
326
174
814
92
433
699
696
119
31
733
820
259
884
54
965
642
592
972
441
329
285
610
876
123
766
883
601
911
752
616
448
580
379
998
32
535
949
240
580
412
856
96
84
89
189
75
751
848
397
939
499
795
99
572
195
726
385
778
708
753
715
998
462
397
973
569
300
771
322
576
69
989
501
663
872
527
132
781
861
360
641
20
145
372
467
419
325
574
47
868
3
127
77
566
94
89
21
30
79
284
273
628
287
999
792
645
3
933
270
589
493
431
263
54
46
714
185
254
632
629
585
308
309
753
590
943
654
245
241
69
180
276
469
543
632
480
200
731
769
452
904
253
171
638
232
267
970
464
973
445
601
709
25
895
157
472
475
252
114
92
945
721
802
110
235
764
751
585
240
658
682
437
39
781
554
86
449
343
494
230
24
947
102
872
231
58
674
962
894
692
44
576
212
44
477
13
37
157
262
381
302
303
383
960
123
594
559
884
147
324
112
642
972
877
355
255
273
946
303
768
719
785
932
792
689
106
565
909
227
568
947
718
741
109
500
739
562
203
48
83
524
925
93
942
214
973
43
199
90
83
833
815
587
302
463
695
901
184
603
736
771
487
650
560
714
625
76
707
632
359
549
951
535
242
799
709
948
776
950
709
524
61
165
70
240
798
424
849
866
281
157
81
590
380
898
809
104
766
285
963
155
709
605
654
91
986
1000
625
798
463
357
245
646
829
368
171
292
197
68
340
239
371
565
707
254
176
642
79
972
778
117
887
697
923
64
878
857
609
542
858
132
479
181
703
753
597
968
973
70
155
359
936
259
691
547
419
828
523
905
883
926
677
590
673
715
6
174
521
635
755
166
834
398
396
748
384
799
938
120
194
668
531
890
485
274
663
721
895
797
262
909
267
887
87
254
639
56
503
480
382
898
394
647
155
5
154
805
413
797
315
344
547
707
855
499
330
409
694
741
487
442
846
507
845
43
565
41
487
118
171
464
439
839
717
125
657
949
175
776
242
172
901
481
664
211
458
8
140
891
249
546
135
630
148
538
182
138
869
977
420
737
635
861
810
169
946
978
863
105
323
397
635
399
583
596
169
330
471
80
474
785
465
964
504
473
720
50
791
721
466
788
497
102
676
383
490
747
508
171
318
482
753
379
2
409
905
33
627
546
828
419
582
946
417
20
378
675
340
369
720
818
259
84
840
429
379
282
391
715
354
744
830
511
214
601
506
475
103
867
848
928
973
620
342
988
242
44
568
321
392
719
193
429
862
575
252
748
377
574
180
71
41
901
824
180
669
444
494
888
662
815
890
265
682
528
421
119
496
963
216
402
627
589
39
187
204
244
936
116
289
820
569
324
977
29
235
631
529
955
671
855
553
253
707
118
515
809
792
259
424
996
192
34
504
170
336
567
943
341
160
750
232
54
294
617
949
255
197
564
722
778
185
807
313
894
664
65
970
570
991
186
814
743
74
896
854
636
17
804
13
191
504
117
369
264
548
47
393
847
148
913
122
520
224
649
853
421
191
708
241
294
834
836
35
810
303
571
499
469
507
702
347
215
678
653
728
288
354
210
381
736
942
647
57
624
905
999
14
940
700
284
945
531
557
66
258
495
638
600
687
307
958
566
456
32
807
52
533
50
535
952
456
458
507
241
15
909
89
622
203
980
838
831
226
906
983
910
830
206
12
928
502
568
42
57
225
208
370
968
82
823
318
548
830
708
98
113
39
7
528
324
560
498
654
666
553
828
597
25
694
960
962
540
444
18
394
132
620
363
29
818
567
577
532
400
96
163
753
463
212
746
827
834
939
199
487
79
650
899
280
608
128
966
145
833
419
191
402
238
83
587
430
621
574
406
580
163
777
169
426
359
707
526
537
695
434
770
410
970
598
966
182
102
273
432
628
776
595
145
592
885
17
720
268
282
24
54
605
321
805
33
931
83
464
354
685
817
757
525
566
493
826
166
101
568
855
670
959
551
425
775
713
536
755
428
745
453
366
271
961
826
772
725
658
525
786
147
258
53
849
408
531
305
536
402
404
594
939
357
702
208
951
269
203
190
129
766
613
684
512
241
701
839
639
422
316
999
384
222
875
439
375
596
874
250
40
999
518
54
440
613
529
311
372
772
579
526
882
423
285
888
821
193
892
910
271
953
698
872
529
814
206
699
121
305
717
468
161
535
568
961
854
67
424
748
13
274
516
988
568
61
541
811
692
333
140
985
347
827
489
692
549
156
620
74
900
531
47
777
72
704
271
67
650
730
814
210
735
47
817
18
801
639
899
511
235
819
755
336
695
858
867
947
595
724
27
862
159
344
432
225
260
279
423
366
199
779
612
648
919
352
897
205
452
601
513
518
315
828
61
666
580
287
631
359
830
611
281
341
374
526
543
58
375
182
35
624
689
378
662
164
11
610
840
958
643
467
195
170
286
909
70
909
657
6
358
302
461
101
384
185
640
285
161
445
659
332
255
418
201
587
53
3
429
508
625
633
726
108
265
268
461
600
192
955
865
921
723
854
821
365
364
322
846
108
435
149
400
221
642
172
781
784
750
699
978
836
340
33
479
78
866
960
222
344
354
54
931
644
562
545
301
461
155
371
872
320
382
281
380
45
257
499
330
623
654
659
46
113
81
18
193
108
350
606
843
101
421
402
182
248
355
405
13
721
228
904
84
508
877
212
114
570
792
588
501
30
163
691
189
843
504
870
370
978
728
774
85
405
310
824
531
896
378
127
125
745
977
133
206
18
51
606
581
914
176
797
212
562
111
812
494
347
602
921
286
258
659
766
646
74
874
712
650
354
428
597
846
521
515
881
992
727
73
843
885
964
193
38
477
242
176
933
896
19
639
27
828
80
5
389
390
335
711
92
675
248
812
404
750
229
746
159
380
665
250
106
999
437
876
7
715
607
772
454
590
561
652
382
29
870
507
318
842
662
608
701
64
785
930
344
40
62
223
417
869
243
120
763
170
209
296
4
552
761
107
72
222
845
620
323
386
152
331
439
742
223
445
1
3
965
685
971
881
285
370
284
976
719
765
327
469
506
89
464
519
420
53
481
290
886
838
908
260
124
401
244
487
309
348
241
971
816
947
114
95
496
528
813
525
42
513
430
924
432
336
379
386
802
25
183
633
184
144
676
491
836
421
565
678
262
359
774
159
467
111
764
519
600
817
166
695
886
256
482
37
471
635
720
810
642
236
746
776
793
118
35
320
881
253
148
275
800
199
397
103
950
37
361
119
370
319
557
848
700
644
250
243
288
331
308
728
139
874
889
825
141
809
537
964
581
368
193
121
677
906
268
923
78
325
239
569
409
93
137
744
745
108
967
836
294
709
311
958
969
171
265
821
280
386
559
662
305
793
595
256
692
482
453
324
592
444
674
127
861
744
337
811
128
360
498
322
94
37
754
913
594
892
238
268
116
908
456
546
208
923
729
961
79
899
643
618
885
401
425
14
431
77
604
249
724
272
331
3
71
352
402
404
97
438
239
919
45
202
734
952
379
833
446
664
989
738
187
261
165
987
924
22
641
298
976
715
367
690
931
733
159
456
888
125
947
287
847
784
651
181
316
697
645
894
481
419
891
872
514
648
756
679
186
727
165
154
419
168
911
257
382
138
516
571
448
229
395
256
93
291
901
806
172
172
958
587
42
200
229
4
114
998
940
191
7
68
388
893
360
867
512
564
709
728
720
846
873
730
698
533
24
442
877
46
336
361
346
105
500
847
881
18
923
856
23
32
332
838
470
77
877
689
757
488
558
38
652
333
988
324
599
924
644
954
596
4
96
77
499
581
536
178
769
922
861
945
917
856
476
525
688
500
326
261
28
286
621
296
88
784
842
936
720
858
412
938
462
406
736
586
698
660
993
446
578
427
3
84
221
383
5
13
438
963
368
371
484
279
535
913
361
959
141
401
708
458
521
55
261
124
238
573
190
956
760
866
761
293
455
104
516
31
118
64
433
434
657
163
667
148
448
640
101
728
163
933
886
467
794
112
923
210
802
886
968
467
820
328
572
835
64
58
253
58
789
338
184
905
804
550
696
429
606
269
440
54
769
893
706
929
44
186
257
320
4
398
689
180
310
849
109
442
643
233
655
180
338
879
20
694
580
887
997
569
383
438
600
432
963
849
343
441
148
863
273
489
875
502
642
977
652
716
384
396
390
16
349
676
332
682
547
909
345
264
153
67
679
349
681
266
977
926
355
120
593
778
421
812
770
18
946
89
900
171
392
482
522
603
900
624
67
659
516
413
623
606
705
540
997
238
994
189
123
42
872
554
468
231
170
392
711
879
376
209
213
232
832
610
549
1000
483
361
19
253
974
174
997
827
26
680
220
773
114
700
106
962
690
453
754
570
952
37
839
423
968
759
91
290
579
902
561
229
235
51
307
398
217
560
983
875
193
634
170
212
355
102
100
132
920
860
844
498
89
287
904
382
22
94
910
17
719
799
331
499
213
297
334
349
376
126
794
990
699
313
339
997
847
463
65
913
761
637
255
527
639
511
808
620
85
863
282
520
836
265
411
5
511
212
489
909
853
385
986
950
338
622
16
423
350
490
976
917
254
444
91
171
341
393
258
947
915
40
415
989
576
531
662
509
90
6
168
638
695
118
823
236
116
968
965
872
471
126
140
567
505
684
628
739
896
995
844
369
136
416
86
334
674
457
649
131
161
192
8
837
93
640
40
939
989
484
580
288
212
914
158
958
293
254
296
326
23
656
615
696
631
865
383
335
6
279
505
849
861
235
872
613
46
135
635
166
788
663
584
705
677
847
996
470
146
649
157
281
197
172
26
849
840
579
172
130
123
625
442
37
759
580
885
43
959
285
687
249
267
858
361
173
168
111
856
753
9
757
765
774
867
192
504
466
72
454
100
217
395
781
973
818
404
341
420
112
459
459
570
969
536
147
508
687
672
636
667
325
861
508
908
541
216
218
834
228
282
327
606
967
463
268
816
66
218
722
454
25
324
936
214
57
778
701
544
174
141
268
191
577
704
329
287
440
350
97
701
748
476
258
134
916
928
164
660
754
149
64
623
942
504
582
89
379
565
975
495
321
914
531
838
828
267
332
637
26
448
430
305
375
671
69
246
528
880
191
977
495
95
571
606
656
527
488
825
404
870
498
511
208
717
325
750
77
465
486
916
655
654
381
612
830
389
253
346
495
518
398
473
953
504
843
165
971
123
469
669
608
16
488
679
985
858
126
542
586
587
457
382
529
842
551
379
759
153
298
844
807
289
240
894
916
865
191
861
150
986
807
97
699
319
196
404
665
904
977
840
295
213
776
106
416
287
833
134
950
961
34
595
59
456
278
872
292
820
52
946
566
414
805
849
329
883
456
334
121
615
295
227
457
56
717
39
46
222
340
783
416
816
991
322
391
604
874
401
138
925
191
361
390
292
544
406
150
620
74
714
5
380
824
587
191
282
832
922
613
979
599
608
404
228
55
850
530
596
898
34
164
288
724
764
791
564
488
354
419
353
575
298
918
889
902
627
401
669
954
278
75
378
640
527
203
170
194
621
397
850
2
509
930
301
908
865
48
102
425
901
682
464
879
498
83
127
333
177
548
161
321
917
881
877
485
902
460
136
455
598
668
358
193
345
810
468
290
843
392
843
256
552
985
412
739
712
975
960
178
111
817
551
578
443
209
767
188
47
868
156
379
634
30
431
595
386
780
232
906
353
296
545
532
742
65
164
779
318
680
60
138
757
666
104
209
150
756
335
289
203
155
277
617
969
269
319
636
435
715
64
922
527
452
200
958
155
467
647
75
421
260
433
543
407
640
776
412
954
319
695
37
241
393
306
228
722
144
358
403
465
827
742
792
871
228
745
564
421
415
109
272
602
713
818
175
131
693
985
13
272
304
213
945
908
542
181
99
160
678
190
175
206
95
153
6
893
981
324
122
571
763
404
964
761
849
383
845
331
106
793
124
856
48
2
380
840
763
278
119
543
709
512
560
61
468
644
109
820
105
8
447
462
665
198
470
941
139
818
428
684
918
144
655
607
533
903
258
434
515
10
996
278
423
203
423
130
762
913
165
890
645
297
20
660
88
21
1000
344
980
591
411
145
15
992
478
730
786
514
896
245
768
763
564
714
824
646
270
976
796
942
485
317
165
520
712
545
499
103
884
83
851
183
240
254
26
379
81
29
165
198
602
421
369
620
204
71
745
880
545
560
499
176
929
884
76
605
722
634
56
68
701
202
519
350
297
38
462
738
464
773
337
285
578
20
918
785
851
24
217
694
23
653
579
135
151
45
977
574
741
478
884
164
453
912
643
719
458
972
70
249
249
483
818
859
142
682
729
90
885
753
999
6
608
218
689
875
266
638
403
497
181
745
73
629
518
454
45
383
986
409
598
204
106
433
654
897
220
990
920
351
701
62
23
4
34
34
146
157
879
394
972
34
875
964
425
984
938
634
672
283
312
778
722
287
856
706
113
811
673
404
469
730
439
115
51
332
328
189
200
902
820
628
509
174
246
126
65
510
610
753
354
109
183
14
621
788
183
564
242
24
940
131
694
668
931
578
412
470
13
573
183
916
130
593
567
139
156
579
259
699
77
19
744
388
243
284
917
374
265
129
918
696
402
780
9
682
921
630
657
354
584
632
713
334
349
565
694
221
684
315
710
447
28
231
201
112
177
522
935
103
616
717
715
354
171
841
741
526
196
435
286
605
85
734
794
673
967
222
708
10
19
307
304
738
755
127
38
57
801
649
942
104
345
629
760
719
922
146
768
2
547
398
807
358
287
94
380
607
727
695
67
916
539
223
977
337
874
502
459
488
979
270
293
59
821
84
350
886
62
416
911
309
836
143
488
396
236
53
648
973
739
648
614
144
396
894
78
380
996
616
60
781
578
234
779
577
598
751
53
117
201
630
531
700
433
586
34
830
44
652
81
33
964
20
328
775
156
152
412
776
392
688
940
124
904
117
951
852
747
748
77
518
518
52
784
203
907
239
921
66
124
495
682
357
331
539
480
699
681
435
44
626
656
405
81
815
907
475
865
857
873
583
577
787
457
840
557
266
554
210
801
494
557
756
558
671
636
67
575
159
597
310
457
169
7
960
210
252
950
773
197
763
11
873
999
360
741
296
847
586
364
662
117
33
148
355
213
44
726
77
436
646
831
588
372
847
652
931
143
694
379
806
933
311
968
434
574
89
610
68
584
678
750
320
304
999
730
756
743
1
425
137
466
388
543
250
871
682
136
115
828
97
137
663
922
735
417
355
301
486
77
800
637
193
399
193
915
253
601
535
89
457
188
754
572
969
474
93
92
708
863
174
882
648
517
183
333
528
520
660
90
609
795
604
20
787
639
43
691
237
660
438
861
114
40
330
560
626
904
169
780
38
438
260
76
934
642
243
145
779
226
749
472
453
630
91
682
944
396
220
961
46
739
179
803
150
445
495
683
977
673
26
775
464
594
825
167
840
458
685
582
754
768
380
243
499
209
74
935
322
2
267
130
857
688
561
34
428
17
458
82
769
783
594
302
442
127
83
830
441
777
139
356
487
213
273
596
160
870
840
498
225
786
951
503
663
853
977
830
963
772
829
786
837
466
123
833
585
303
210
450
783
817
51
250
452
244
798
427
837
846
31
565
266
720
940
777
533
587
191
184
354
349
674
452
756
736
89
592
572
489
174
140
27
593
670
473
740
3
541
536
877
185
50
339
438
969
886
321
3
360
731
726
311
706
866
545
834
748
855
314
113
373
801
702
978
34
282
420
622
330
816
412
491
982
651
819
715
876
644
878
924
741
103
463
555
543
529
941
369
885
51
350
395
913
139
607
649
224
594
629
171
813
33
941
275
264
377
587
1000
891
122
629
300
738
782
963
469
533
301
878
608
632
689
837
410
982
899
362
544
36
395
196
560
790
450
995
237
533
556
780
8
665
596
498
511
856
793
688
284
659
796
335
464
985
473
278
616
538
176
690
276
214
709
403
531
377
597
218
993
520
443
796
437
802
497
469
645
803
929
943
968
429
400
16
472
993
117
239
15
506
702
944
70
871
988
329
175
422
487
804
206
182
799
32
221
22
891
831
837
442
683
242
985
893
47
925
417
371
346
559
806
406
888
471
579
283
638
629
277
134
686
86
799
258
537
481
135
641
128
688
615
39
855
281
768
356
469
932
28
838
176
488
59
294
558
6
959
227
747
517
394
533
523
365
823
157
175
754
182
623
455
555
218
76
356
631
399
494
811
399
199
18
888
747
436
342
567
82
442
421
359
317
58
70
455
370
352
964
476
521
729
786
762
872
893
892
669
495
585
429
664
643
520
3
88
564
92
747
535
315
67
767
755
204
366
964
748
536
21
673
121
466
394
168
454
697
588
239
575
890
97
485
339
454
905
930
137
664
64
629
796
960
916
446
290
944
628
661
318
11
329
264
290
64
850
415
361
135
322
323
310
670
298
178
147
502
562
991
486
687
580
287
562
378
117
515
662
361
576
391
784
401
648
615
679
510
282
413
743
933
829
31
46
429
501
366
35
560
701
958
58
754
424
101
218
482
822
672
178
59
469
906
966
147
976
544
476
627
184
610
791
919
878
926
12
52
880
711
202
299
356
103
14
311
576
330
565
507
248
349
326
934
841
58
712
879
149
536
715
949
345
953
317
762
968
698
347
394
854
408
428
780
36
772
483
51
926
643
386
842
412
135
687
2
760
862
453
435
800
106
580
368
654
46
964
772
499
510
57
818
628
859
496
207
843
161
448
238
81
286
429
914
359
689
59
410
243
663
961
896
634
766
953
667
862
809
52
138
646
424
333
844
937
770
180
102
699
622
299
658
201
141
80
221
812
186
321
252
396
419
757
511
734
454
684
407
362
126
373
529
55
630
828
967
467
755
863
744
545
116
242
549
25
546
655
557
291
943
691
872
268
774
244
519
197
451
745
731
192
78
247
848
828
464
932
165
787
918
325
914
263
486
543
360
186
799
900
781
352
720
565
730
849
808
912
190
140
856
56
177
662
484
980
598
367
285
887
449
160
734
664
978
734
752
443
516
772
851
825
469
280
928
298
621
107
615
422
368
614
906
514
157
438
601
190
66
947
66
333
441
778
158
740
911
312
758
998
426
193
821
716
777
140
182
77
471
250
494
87
809
76
901
490
182
851
100
618
401
640
795
79
366
547
396
185
755
916
78
565
171
83
22
184
459
486
508
427
950
184
323
38
116
152
197
445
301
326
605
182
533
586
138
34
10
747
695
200
305
333
601
597
974
92
312
533
459
658
702
393
313
482
503
929
280
293
26
203
669
804
996
107
304
613
816
276
295
853
329
80
768
232
159
14
550
884
270
730
482
141
177
129
659
618
872
481
1000
161
531
511
158
616
790
915
36
593
654
963
936
212
987
846
522
930
227
734
90
136
718
851
806
563
392
787
348
919
227
855
776
151
49
267
530
148
911
770
803
235
888
502
382
610
159
211
566
392
319
457
729
377
884
63
24
814
788
945
205
929
495
510
440
745
658
682
443
131
293
582
794
443
117
395
677
532
673
962
878
417
420
654
241
851
22
248
975
814
487
491
27
284
513
642
432
497
192
147
594
568
152
264
58
79
506
227
942
133
255
910
476
807
756
796
280
722
278
114
526
815
751
672
457
718
783
984
260
211
698
354
578
571
858
204
190
912
691
177
28
159
475
992
248
430
938
657
742
511
782
94
774
279
428
662
370
943
878
295
375
551
462
111
611
847
982
242
553
858
116
483
986
989
946
375
702
308
804
213
67
267
613
18
164
514
159
616
210
884
279
506
342
521
148
906
326
453
133
342
161
633
785
83
650
56
961
160
492
728
590
171
931
612
92
734
698
639
931
127
915
844
541
245
48
994
543
708
619
960
33
662
234
379
833
515
903
818
1
828
383
202
53
907
413
191
723
244
789
308
7
37
507
161
458
127
171
629
965
108
130
274
183
222
45
337
110
74
369
955
168
636
372
241
460
167
152
722
585
3
616
198
983
898
97
886
576
760
43
360
536
448
88
241
411
661
715
537
811
859
205
45
174
986
26
389
800
32
32
820
690
530
355
797
558
68
350
840
655
85
590
343
372
718
833
689
508
955
349
713
809
178
90
302
261
205
238
160
232
282
203
159
672
17
342
904
234
956
267
137
550
146
986
283
209
101
971
528
431
277
359
735
587
863
938
184
961
932
443
203
630
205
683
132
582
348
287
474
242
117
502
217
141
60
108
740
349
961
126
924
224
149
290
265
711
362
472
42
157
592
398
494
886
362
809
2
326
983
195
444
320
398
303
585
868
695
915
856
489
562
591
427
900
104
641
565
264
989
828
123
882
93
760
721
384
998
340
792
844
384
79
306
286
729
882
321
642
430
757
261
852
450
501
277
225
378
559
155
357
961
877
476
332
827
645
357
359
950
250
153
455
398
525
130
1000
311
815
517
46
101
992
375
962
99
968
2
593
902
429
31
769
317
921
165
614
504
231
39
1
104
675
212
176
642
643
313
580
968
471
324
685
528
652
996
199
131
922
939
608
761
903
724
96
280
285
49
361
774
214
711
458
681
166
776
167
98
888
600
271
494
486
510
233
310
379
731
900
705
873
313
894
384
855
246
507
993
216
180
862
415
122
254
292
796
871
395
25
578
737
285
790
219
101
429
346
973
126
600
531
163
360
475
646
859
161
123
124
950
19
801
601
606
311
397
723
930
763
692
839
93
260
257
143
912
688
356
514
445
13
21
131
111
502
457
208
859
458
802
339
14
934
176
329
308
171
964
178
966
553
639
753
464
144
509
230
628
339
947
892
814
551
488
818
953
945
189
934
965
905
850
261
614
442
273
668
310
199
942
93
513
479
498
705
595
958
216
913
519
574
651
948
799
807
665
220
873
695
209
61
763
248
131
751
232
403
646
289
303
175
370
674
762
504
281
857
931
441
57
29
599
996
626
396
94
801
153
887
454
148
458
764
473