143
207
836
201
142
308
438
5
273
428
191
934
754
998
954
26
276
443
119
195
157
952
507
66
683
424
481
786
212
729
418
166
44
280
441
465
599
192
927
259
297
307
662
439
147
632
160
280
220
565
361
314
235
190
953
742
991
952
693
455
630
193
976
483
607
300
769
73
107
642
268
909
174
446
476
814
986
791
62
804
390
158
515
421
72
442
945
576
867
555
376
208
549
803
135
315
788
696
238
404
860
53
344
498
943
6
85
281
938
448
234
246
508
989
697
128
698
194
133
498
342
437
994
946
49
762
897
328
402
111
718
584
764
653
565
663
527
960
106
462
608
27
518
72
655
758
573
404
581
226
671
120
978
635
374
506
682
164
807
476
172
111
759
638
881
582
619
373
871
97
153
795
7
528
843
192
768
413
248
431
186
486
433
585
739
851
263
4
856
895
750
956
408
566
198
725
510
305
999
202
575
29
64
116
566
722
9
649
51
939
273
443
286
813
981
343
415
254
559
935
233
146
962
557
279
791
888
763
43
817
507
949
395
453
695
10
586
478
736
677
170
693
816
233
941
285
582
746
851
3
486
958
505
155
639
970
281
466
467
79
72
955
453
494
595
706
182
229
899
253
646
525
137
281
418
331
683
483
326
931
276
901
812
434
623
541
104
328
792
289
316
133
813
831
411
233
792
97
434
16
697
485
167
282
849
310
652
132
630
347
259
118
822
594
353
733
562
250
195
614
847
171
612
607
611
444
655
629
59
423
632
261
401
875
546
115
76
451
595
907
694
211
793
126
751
194
643
425
209
660
93
654
557
655
836
844
67
398
977
485
720
928
682
375
879
60
494
918
584
923
2
320
208
140
502
101
239
425
933
928
378
567
981
897
455
751
615
925
205
469
49
768
115
432
414
88
879
831
194
627
495
209
658
704
156
975
889
937
554
896
141
738
627
425
393
531
72
786
326
7
35
746
678
630
532
95
301
147
769
947
756
775
140
261
780
365
711
716
422
729
29
969
107
777
981
35
719
199
135
381
843
957
777
351
920
820
208
683
910
843
974
331
779
740
619
771
672
56
823
197
154
341
479
761
758
796
746
417
758
804
311
616
714
243
768
445
776
909
658
317
709
620
527
950
122
951
908
60
646
108
176
89
332
877
242
621
227
208
804
584
16
708
163
251
223
512
895
125
838
226
549
402
222
933
312
790
279
564
375
445
315
165
933
959
206
371
815
323
513
147
356
553
701
883
94
874
364
516
504
293
543
310
171
471
593
954
125
152
265
893
95
927
797
563
266
376
754
164
652
290
543
354
401
17
492
983
96
673
727
275
419
234
323
36
964
184
965
515
868
579
262
615
710
868
376
973
654
848
855
792
338
278
392
293
842
882
856
20
811
437
776
953
453
205
86
705
565
760
953
241
362
667
75
660
330
361
158
760
314
433
570
635
586
737
994
540
586
791
762
311
286
431
946
732
905
957
921
47
997
511
196
342
155
373
615
688
624
114
497
694
856
531
683
116
688
938
966
68
526
219
719
295
70
10
273
350
538
64
156
466
980
55
327
343
586
971
3
761
300
399
287
309
151
303
823
956
368
830
890
718
621
591
679
518
460
520
58
334
527
776
739
839
702
580
935
666
29
855
668
370
579
538
425
210
476
545
232
641
491
483
633
361
23
219
809
818
509
52
676
331
698
153
317
479
338
848
699
664
181
999
618
245
184
625
457
128
69
489
415
831
847
310
435
936
540
564
471
690
414
242
176
794
433
185
205
578
468
992
864
84
660
364
409
852
726
83
572
366
900
791
270
851
720
15
618
308
979
724
511
526
936
260
21
301
455
178
999
709
244
352
183
233
756
375
599
30
856
458
647
330
496
66
408
677
124
166
456
268
446
443
225
428
751
630
946
94
582
614
889
224
176
460
333
369
585
928
426
913
581
893
390
320
1000
83
218
691
606
327
271
232
625
812
725
371
929
646
980
520
193
165
180
608
978
136
651
671
426
617
89
842
963
236
402
605
368
433
704
726
395
438
892
21
291
349
552
445
542
293
334
648
743
841
922
103
310
132
124
246
411
277
247
705
712
891
404
679
892
439
828
368
671
306
750
963
871
220
941
403
576
377
125
611
260
851
962
801
982
489
517
206
168
273
244
93
569
847
298
824
367
562
150
869
466
866
966
858
246
150
564
325
632
148
792
535
247
793
731
633
778
88
375
571
693
350
918
284
804
38
824
588
606
584
900
615
165
8
433
401
126
11
355
206
761
184
19
898
658
445
151
715
371
611
826
893
161
72
60
562
878
567
270
18
616
947
912
349
351
919
966
609
477
398
844
921
31
657
781
281
443
203
45
46
508
217
522
674
98
404
987
131
223
999
97
673
964
699
238
320
77
218
24
362
4
835
93
838
115
152
219
59
21
764
118
458
3
951
592
28
176
354
796
686
718
95
369
666
994
186
219
470
135
66
192
158
560
973
981
596
410
839
720
914
6
303
662
465
453
131
332
93
560
44
198
893
965
523
836
884
184
87
333
662
170
529
206
325
584
645
161
857
184
734
117
619
633
796
912
926
970
341
709
165
225
656
728
792
155
226
32
680
550
675
103
348
576
515
963
550
945
364
638
820
988
871
148
480
128
568
936
869
610
256
873
82
265
929
900
241
70
471
257
351
191
565
236
758
888
756
21
303
620
937
981
204
411
442
378
622
704
113
795
825
800
642
855
226
352
595
44
713
764
392
949
248
129
774
349
937
821
235
249
267
995
764
508
638
51
578
727
752
846
269
321
941
650
618
521
568
955
350
958
18
541
513
972
620
994
224
379
489
160
306
594
772
955
651
342
258
149
98
536
997
589
7
739
482
170
320
500
499
397
904
98
389
149
95
580
391
145
817
372
261
199
322
369
965
597
196
866
706
436
403
444
25
348
594
534
881
745
72
873
489
441
71
369
442
485
458
193
294
113
823
397
81
265
487
794
620
696
749
279
887
943
717
375
527
925
285
299
763
624
252
215
342
39
513
67
426
883
582
608
14
467
643
666
882
574
602
237
661
603
772
610
295
441
465
564
762
635
878
396
5
142
147
723
128
599
915
356
909
559
20
151
103
107
106
130
262
281
340
39
87
364
88
486
244
761
518
951
357
218
924
291
342
921
702
800
286
560
145
467
52
246
830
795
54
575
140
718
636
944
166
828
690
509
817
161
302
866
565
352
812
746
938
844
89
411
905
728
864
5
170
778
802
508
316
758
24
653
570
424
688
910
988
522
573
575
894
879
646
905
280
371
373
765
73
760
708
243
482
279
33
179
284
603
289
726
991
202
569
506
824
209
625
304
762
641
738
131
162
405
322
386
519
560
405
459
301
171
142
235
497
353
289
33
497
1
673
176
321
183
182
18
814
719
343
34
34
640
899
834
11
338
228
11
371
650
322
239
184
354
791
347
102
666
624
321
463
248
91
615
613
833
79
504
320
745
970
360
711
365
740
889
827
394
749
990
906
181
512
158
336
339
48
849
76
25
345
92
824
999
117
870
559
702
451
733
73
572
834
412
828
170
292
685
205
82
109
749
552
330
782
849
707
399
389
882
560
997
158
631
545
451
1
475
685
279
565
887
53
114
543
359
368
874
426
356
890
223
841
328
978
330
674
931
88
309
813
652
182
634
218
96
797
495
851
741
703
418
427
937
350
328
489
245
727
948
15
275
165
21
366
744
820
920
378
503
498
682
881
317
658
716
753
745
443
186
686
604
331
654
169
976
686
679
36
821
421
879
844
810
633
813
727
500
4
951
942
703
882
805
722
230
170
887
855
814
175
368
996
617
337
344
973
897
595
685
740
782
221
593
102
594
836
975
309
6
581
754
465
407
736
800
731
711
458
211
966
95
351
126
659
104
646
689
307
611
466
22
956
409
459
447
816
540
969
431
629
761
646
427
184
782
777
208
308
205
518
51
250
188
370
924
219
586
1000
432
509
726
731
871
368
282
144
265
203
863
340
65
171
137
313
375
21
939
720
333
466
456
430
42
857
564
567
140
534
31
651
89
155
763
318
175
371
387
853
948
898
158
732
947
878
547
30
657
668
426
361
945
308
685
697
514
965
130
877
531
92
273
271
695
554
931
144
736
413
665
261
777
886
151
795
605
505
376
394
487
382
422
222
826
256
505
222
134
438
855
731
864
210
933
5
844
204
214
107
389
607
465
468
790
507
421
265
650
700
693
652
72
879
245
266
835
475
586
725
554
151
987
670
13
633
893
522
869
458
65
438
824
610
607
772
911
61
152
823
980
204
315
272
98
187
502
206
26
272
707
356
120
11
14
802
794
529
654
867
479
192
222
390
309
632
523
101
996
596
751
380
687
65
308
761
886
464
293
278
678
459
351
202
923
365
822
562
164
36
627
404
108
884
79
236
571
857
509
607
628
920
242
384
39
113
376
446
990
240
176
733
917
1
787
787
693
338
129
61
779
9
193
805
592
206
80
677
148
664
621
646
258
786
705
851
936
194
356
639
160
965
839
896
1
897
183
518
667
963
334
581
128
630
326
232
714
914
797
400
801
309
2
762
879
315
409
666
326
445
771
609
183
628
405
246
3
624
617
982
328
895
546
768
276
203
803
112
989
754
555
729
492
989
387
306
74
879
484
525
596
466
612
604
214
884
435
371
680
406
608
768
489
809
776
320
187
90
770
880
860
520
721
271
436
299
425
494
940
550
820
447
617
608
337
314
588
373
70
843
369
238
211
866
469
222
195
831
592
320
291
239
839
131
301
441
715
445
513
273
716
651
746
706
747
26
598
301
839
240
394
265
942
438
105
302
747
413
733
163
90
254
685
442
385
407
219
101
101
13
839
869
861
825
261
579
567
370
753
531
895
477
255
850
512
341
465
653
298
180
530
714
38
145
273
178
220
496
810
882
880
300
166
165
930
605
696
729
400
203
162
890
458
429
723
971
351
65
839
577
119
45
158
225
549
675
864
851
557
535
351
540
257
955
446
812
73
476
944
466
104
401
692
443
377
335
250
947
65
824
169
837
469
154
196
175
45
243
461
300
118
944
523
378
903
917
186
693
983
795
731
124
586
347
684
540
417
4
447
882
748
75
407
10
656
286
10
24
838
837
597
604
963
525
183
660
529
103
682
455
837
750
854
927
279
37
585
857
319
610
860
616
17
169
364
513
757
599
675
865
161
914
187
320
730
370
332
499
392
924
494
839
392
436
658
935
376
408
260
585
730
564
919
955
594
97
924
348
90
682
549
430
997
831
169
587
564
291
132
105
775
43
171
146
719
255
331
800
55
647
207
833
3
807
878
204
52
557
555
164
255
52
558
147
290
866
39
896
780
867
13
318
208
296
754
478
996
861
397
389
198
459
116
372
370
320
831
194
588
81
625
323
340
533
409
970
23
879
401
95
194
672
809
689
910
992
404
188
561
769
804
23
555
594
994
387
394
537
13
776
283
917
191
570
965
163
758
655
519
279
163
978
237
118
396
95
982
15
731
326
763
601
250
445
356
125
853
158
496
919
7
946
90
260
731
243
790
366
716
490
932
149
287
875
904
966
738
705
492
461
874
402
454
487
547
323
978
398
982
214
656
327
495
371
552
354
4
915
166
358
481
416
271
986
269
855
428
761
412
128
317
320
212
226
111
553
756
301
967
609
773
20
604
496
779
825
517
630
15
362
710
240
257
808
165
716
447
30
957
932
662
203
907
717
476
712
101
87
648
438
777
600
23
6
538
838
750
173
97
684
208
533
28
711
660
285
232
164
593
974
21
93
30
70
472
614
312
173
499
193
349
372
3
217
652
959
28
535
325
255
660
997
656
192
722
145
878
341
330
161
506
253
620
799
242
16
392
335
961
67
139
718
975
530
991
481
510
485
953
653
854
578
449
276
325
850
195
649
544
435
395
428
724
720
950
433
711
116
651
249
958
461
265
796
870
414
455
794
92
44
714
424
384
350
756
592
765
910
497
699
113
812
311
83
728
795
809
58
20
255
800
792
418
679
889
641
606
924
853
37
809
800
254
354
993
574
830
158
710
753
248
163
299
549
18
591
859
41
132
177
348
204
472
813
60
716
373
683
537
34
355
432
602
813
740
743
763
346
882
795
365
573
993
467
645
172
794
781
424
45
964
595
129
527
902
358
601
788
896
684
421
916
453
359
869
71
673
243
594
468
128
202
441
637
74
970
214
715
108
895
822
741
465
625
461
294
933
760
367
766
341
498
853
121
874
7
552
867
419
890
439
184
719
559
564
930
187
34
663
869
243
918
935
724
606
381
491
206
595
694
796
568
413
760
128
935
798
378
973
802
404
100
966
529
142
724
971
645
479
517
443
159
300
259
175
718
361
823
495
244
301
115
121
190
834
35
148
401
25
53
184
61
117
878
948
772
787
176
945
845
538
471
519
416
353
156
491
419
835
294
306
131
682
520
416
699
508
221
887
392
707
927
106
877
224
784
496
796
905
720
332
19
457
878
569
267
928
104
85
290
325
314
940
205
286
908
536
73
697
451
405
103
795
938
83
760
993
318
454
339
991
688
266
186
410
622
351
203
135
983
991
37
919
673
898
199
488
88
575
51
193
340
243
497
409
58
962
390
135
765
770
897
383
351
631
306
773
575
240
711
620
844
787
110
546
432
713
427
151
822
904
168
657
989
790
904
991
213
951
886
605
685
344
414
758
721
636
487
148
267
708
396
405
783
79
575
176
407
190
244
737
117
304
717
789
640
487
828
747
567
715
659
932
124
673
280
591
608
124
780
157
453
795
205
837
136
890
419
867
35
898
625
874
120
164
670
519
841
44
660
304
461
430
204
129
522
277
764
194
150
611
69
50
299
457
254
932
574
788
651
679
834
795
733
890
845
545
780
905
324
676
341
689
750
472
632
602
972
434
920
539
696
469
355
871
949
316
48
394
220
151
225
118
554
603
206
348
281
784
213
580
438
928
226
117
884
536
623
968
934
571
946
612
596
488
866
771
787
929
49
230
239
954
760
267
478
336
775
783
75
585
97
131
220
722
895
606
350
559
88
81
699
133
205
384
724
32
351
997
289
861
116
687
776
383
354
483
818
48
346
399
165
835
973
731
373
106
90
521
156
818
303
284
797
699
1000
62
578
128
907
920
618
668
946
24
16
232
623
993
224
667
87
146
961
156
236
467
36
774
31
349
933
138
712
726
518
390
109
696
297
428
607
941
642
438
618
368
181
772
499
491
544
390
89
401
536
279
300
223
52
330
669
349
610
61
290
660
20
672
775
440
65
726
918
848
776
896
447
85
552
231
691
11
989
214
340
963
271
878
734
935
76
878
713
328
342
94
600
448
625
406
61
471
967
271
419
48
937
998
241
233
508
733
808
262
794
575
559
680
289
839
923
889
231
424
253
550
412
620
928
231
992
577
319
280
546
431
806
520
624
499
471
563
359
430
555
197
462
329
142
352
270
499
528
366
664
699
129
931
202
529
346
357
212
581
708
715
88
399
884
323
451
752
400
620
48
177
777
530
424
502
976
989
903
187
273
377
161
641
738
147
273
928
673
742
544
758
520
108
621
31
300
852
338
40
302
425
705
220
967
500
11
970
835
201
61
211
275
34
278
331
827
748
456
920
68
515
314
891
735
841
856
450
400
261
549
806
992
819
187
726
539
591
143
851
588
30
757
335
791
765
371
110
744
469
790
833
779
974
349
595
778
327
106
347
563
345
478
122
606
517
95
77
405
914
609
500
466
73
246
717
317
401
837
434
913
263
592
55
677
43
926
949
936
820
23
238
691
913
451
11
109
89
69
533
918
163
936
53
626
860
566
918
383
329
824
809
837
242
289
474
258
731
195
227
512
670
298
84
380
514
353
840
167
675
2
202
932
828
396
297
133
386
807
979
685
432
13
556
465
85
854
406
32
796
34
560
955
970
218
942
761
306
735
165
101
462
821
691
296
326
41
758
190
453
572
287
372
851
525
324
657
953
147
778
860
511
642
880
239
561
522
187
429
160
481
404
721
772
426
2
139
224
695
23
167
500
871
709
685
533
912
29
937
624
622
415
311
351
484
15
830
750
833
943
792
118
267
999
530
568
846
896
451
580
609
636
107
197
8
880
43
525
852
838
34
267
866
236
269
414
373
226
633
788
315
251
924
705
72
573
551
505
826
938
256
250
313
311
451
201
4
796
129
274
795
905
209
699
351
522
982
135
221
878
825
904
912
504
62
507
194
350
124
715
303
937
991
793
288
671
389
224
875
588
597
643
203
224
345
219
560
238
136
420
25
857
286
523
94
482
95
640
127
119
44
840
499
472
126
947
716
305
319
29
187
927
1000
13
948
413
405
449
414
162
272
357
519
305
735
906
817
46
746
809
765
943
457
430
679
438
290
77
704
702
101
415
795
539
220
213
931
650
545
604
216
550
969
548
271
978
280
134
864
120
14
623
565
227
158
760
506
441
427
528
314
5
96
770
664
650
166
973
329
282
22
991
6
946
663
6
828
196
674
727
123
76
538
349
512
256
398
429
209
120
185
296
215
196
196
92
855
452
332
475
829
747
428
605
845
972
467
818
663
741
802
912
259
136
16
309
985
952
222
939
838
366
452
785
811
116
654
736
81
953
651
632
994
695
909
1000
744
674
586
269
544
524
168
376
397
754
394
360
25
126
16
512
482
572
477
190
807
145
827
274
179
270
664
462
28
419
835
162
990
179
859
926
122
240
44
442
237
459
200
315
350
369
21
860
667
812
84
841
507
154
781
647
768
901
529
241
86
962
689
14
632
79
70
680
90
529
69
376
670
799
647
924
35
943
754
28
614
96
595
387
227
822
441
356
63
533
459
953
800
917
810
705
633
616
530
514
441
453
669
788
357
438
470
923
207
284
540
436
561
554
115
553
786
623
306
925
221
238
739
929
577
653
486
747
892
740
198
2
147
83
970
786
280
644
307
12
105
740
722
162
29
99
532
114
999
798
978
927
826
426
3
321
945
202
175
407
292
130
396
226
627
416
856
147
72
791
278
180
224
262
546
253
191
604
895
432
34
569
60
454
626
269
853
629
845
798
782
158
525
788
171
137
802
931
624
648
939
180
336
329
497
480
64
602
418
78
203
126
402
174
566
113
502
462
936
694
201
10
873
488
11
577
568
717
456
497
263
254
21
534
850
649
902
568
131
911
21
566
335
370
681
45
778
668
205
849
869
369
870
370
254
117
15
510
463
589
605
439
591
885
85
131
690
399
950
62
353
755
719
559
655
102
689
557
160
199
366
440
191
687
110
913
718
315
368
340
612
983
185
457
699
352
987
932
328
879
779
467
647
901
908
71
386
604
968
584
666
825
599
471
592
484
276
862
572
566
533
452
562
916
925
366
916
794
775
226
97
816
779
948
619
1000
19
381
450
141
420
484
725
489
2
175
275
596
969
322
259
845
214
708
559
734
958
711
353
509
151
354
916
595
359
169
580
830
836
190
358
929
384
646
833
761
303
321
686
862
432
579
948
218
559
500
990
104
620
665
579
483
697
421
189
391
72
110
210
584
847
970
722
109
897
561
654
173
865
246
101
547
471
263
96
155
619
444
523
701
425
501
906
139
884
474
101
450
933
975
598
903
712
270
89
281
30
439
26
497
415
394
325
468
705
216
624
208
444
743
699
667
253
189
237
440
982
90
74
508
745
726
299
322
562
363
136
442
488
131
444
917
230
3
136
84
940
352
730
538
279
184
132
447
972
98
911
550
877
783
266
801
312
805
118
369
810
137
541
823
929
396
695
139
579
470
791
52
488
411
194
886
566
778
240
934
101
886
852
386
321
931
214
413
17
888
361
661
716
648
327
582
743
602
923
522
618
618
635
95
461
103
886
772
518
657
269
204
84
359
694
932
152
669
748
262
740
670
836
269
456
541
297
1
383
559
907
566
208
675
957
291
574
715
458
347
346
68
718
301
839
935
72
155
209
882
142
752
388
129
34
446
920
183
1
732
88
165
213
458
316
724
193
639
159
102
889
712
331
106
599
399
930
985
66
30
412
437
565
816
980
110
750
917
309
259
315
876
354
780
228
458
360
27
137
843
404
422
306
569
809
585
969
124
994
942
419
76
416
476
15
745
973
603
235
663
984
865
143
627
125
144
70
275
424
891
27
636
384
686
478
180
30
72
111
96
568
372
224
890
877
16
54
668
183
998
383
701
102
837
875
392
912
934
402
782
606
701
512
322
214
67
875
463
204
956
184
687
312
950
854
932
648
790
195
352
573
540
31
346
375
315
826
556
677
255
537
499
103
392
750
449
628
703
170
24
381
144
974
214
582
556
724
464
989
29
287
731
347
578
7
181
171
170
936
485
494
479
886
589
867
979
307
647
933
471
898
597
397
943
530
428
406
243
391
736
453
63
212
873
53
136
703
160
232
97
808
972
1
810
50
993
122
80
146
439
881
332
983
415
516
505
762
473
671
232
470
498
666
134
761
328
485
143
3
886
70
295
761
377
753
332
254
23
36
203
853
379
862
700
904
197
270
44
47
824
753
766
317
767
63
376
105
426
132
676
147
69
971
325
494
513
640
755
605
79
284
625
800
953
523
244
738
306
463
374
264
792
227
924
68
404
606
13
790
624
181
584
107
546
458
211
993
631
423
583
858
658
864
982
577
441
527
554
433
360
983
322
598
439
456
373
831
530
728
206
426
541
532
859
617
514
265
975
246
228
175
878
120
260
22
104
878
982
179
430
696
639
400
157
997
382
64
735
115
120
277
594
95
847
948
729
229
280
156
349
435
662
169
811
232
212
923
175
688
772
18
649
463
712
496
707
753
752
232
240
261
189
284
845
253
529
958
335
869
965
587
204
913
5
728
886
246
74
409
612
858
128
262
801
229
519
382
167
204
741
492
149
26
420
69
336
288
326
652
225
338
72
134
128
642
46
969
634
809
19
606
336
863
963
468
615
728
97
611
734
987
255
807
999
218
437
602
325
456
388
45
477
195
506
206
872
332
726
351
593
982
269
704
855
597
81
198
50
920
651
28
807
622
542
404
94
459
650
866
856
376
750
299
886
584
762
195
881
105
243
520
743
761
451
20
926
9
537
953
983
736
732
594
275
660
99
395
479
608
845
436
5
33
849
251
570
137
675
383
795
424
539
485
330
648
642
866
529
795
887
525
790
915
70
229
923
12
788
647
29
29
155
547
189
353
745
997
812
873
579
600
691
659
647
626
290
855
140
916
634
167
42
224
458
525
891
716
409
740
650
297
213
702
271
874
883
683
809
186
12
869
758
43
834
514
813
751
757
711
915
1
471
38
568
544
742
362
687
462
462
994
196
364
259
453
385
655
692
777
968
681
994
772
107
419
857
872
940
82
98
147
593
558
616
617
974
481
483
934
536
674
102
456
142
267
723
377
812
166
400
544
607
828
248
303
915
427
827
728
896
314
828
42
1000
26
801
482
233
914
652
730
225
832
645
701
129
180
194
636
576
772
867
904
905
546
873
914
666
216
49
163
311
67
574
733
242
880
421
975
521
309
634
216
569
287
520
505
5
917
348
781
408
3
222
139
993
299
801
383
750
298
20
880
565
878
703
490
713
977
872
986
674
580
787
259
646
652
187
273
496
798
601
702
609
369
738
375
873
488
546
109
917
359
373
294
443
839
777
437
104
796
980
243
855
897
685
964
190
460
739
795
194
76
103
183
583
129
650
847
525
221
781
308
778
225
856
704
188
238
537
784
691
892
508
309
210
817
734
909
235
926
516
821
612
614
224
299
33
173
170
83
685
515
518
887
921
473
844
555
216
216
588
376
631
140
435
760
375
206
393
707
638
35
373
887
552
381
198
203
649
375
71
280
284
738
853
467
287
686
673
249
326
845
299
956
226
179
594
522
181
39
79
194
446
330
379
224
10
154
19
717
585
306
275
441
644
3
469
483
52
669
78
672
886
934
919
792
775
728
731
968
711
674
132
120
285
779
690
372
355
569
529
254
282
852
478
440
328
587
116
255
144
226
69
399
533
112
662
417
59
12
111
409
187
12
83
107
830
476
857
769
464
444
103
834
274
855
933
223
484
955
282
261
90
89
335
911
142
728
356
976
298
772
908
980
948
279
160
278
115
53
287
927
24
483
836
498
561
649
608
462
149
332
265
312
860
420
637
599
318
617
116
548
743
106
319
634
654
245
923
494
735
155
16
498
642
757
97
93
870
885
434
727
665
394
85
566
157
275
877
748
471
103
149
92
162
472
852
36
961
961
389
159
70
913
126
711
356
936
660
708
467
337
157
471
67
87
538
916
68
840
524
728
789
76
648
922
917
211
808
245
497
152
221
848
932
103
117
841
419
314
337
322
113
203
50
927
332
952
585
969
326
13
934
363
370
565
617
490
948
428
215
280
64
317
313
756
116
913
514
677
60
685
454
395
606
19
98
22
456
503
703
389
886
756
905
780
911
425
477
524
422
85
341
789
807
609
745
163
745
23
95
636
334
49
766
720
942
921
620
214
171
909
367
514
770
57
399
846
15
957
142
807
970
53
896
842
804
335
810
737
823
891
796
303
788
664
55
627
935
379
866
925
639
453
262
958
621
451
665
546
977
160
321
165
982
252
929
184
61
216
261
388
449
822
645
58
579
821
315
935
258
630
514
397
707
43
731
273
545
202
858
843
122
211
807
175
237
838
957
913
554
128
886
604
290
355
987
922
29
743
936
927
684
183
784
924
373
762
857
888
323
457
517
389
995
850
305
784
917
186
306
543
633
12
650
61
110
585
323
321
40
183
753
222
577
37
224
641
437
894
969
41
758
606
151
738
988
826
47
937
115
997
47
11
885
107
110
762
559
965
478
224
802
29
401
558
847
372
363
624
763
342
314
464
393
968
879
619
291
399
388
888
480
782
391
399
639
246
762
568
136
998
438
177
296
900
889
22
699
847
124
908
821
613
864
780
379
413
414
35
251
888
784
913
922
661
764
946
780
458
619
838
627
562
786
350
30
171
866
332
604
166
757
738
567
853
781
939
527
17
836
588
212
145
201
427
719
713
301
419
864
554
4
779
566
49
377
233
630
765
350
938
792
780
915
169
312
619
296
777
695
457
904
407
24
8
244
60
591
320
76
363
55
264
607
140
806
660
401
257
4
556
169
804
746
966
543
862
876
960
721
795
485
764
585
872
748
840
130
483
981
381
139
887
36
170
632
593
387
945
30
8
150
248
134
955
729
632
485
102
466
204
374
805
243
396
603
455
628
910
597
444
913
731
647
173
167
638
604
731
801
19
435
190
67
577
992
848
61
188
811
291
241
655
235
829
401
48
777
447
337
116
759
74
863
424
709
700
530
185
820
896
579
31
903
499
120
609
518
393
795
831
435
638
373
46
319
54
781
199
673
984
6
769
575
948
256
946
802
721
530
594
118
530
306
109
912
534
791
565
44
995
742
578
116
198
681
508
619
209
51
257
610
882
397
790
317
22
547
706
920
284
585
742
460
151
997
221
657
9
981
871
696
635
34
674
641
964
958
513
41
247
922
548
354
888
121
31
923
111
201
300
492
315
676
824
816
569
729
535
549
703
459
731
339
583
770
940
184
484
235
40
585
80
768
941
435
878
466
175
83
75
603
46
876
380
627
27
483
808
423
86
415
719
557
832
529
395
450
877
593
542
884
303
159
977
573
180
728
828
665
111
190
491
71
175
150
106
441
731
211
375
862
22
287
106
332
811
33
436
855
448
273
322
514
894
12
862
208
786
69
562
512
304
313
213
979
177
304
732
313
572
847
353
122
196
351
820
49
448
66
24
801
910
771
390
610
118
192
179
67
440
372
27
673
888
24
522
608
827
304
669
687
643
957
798
75
480
683
980
914
156
175
168
498
135
941
638
887
442
185
234
56
405
453
450
18
238
825
847
472
754
790
806
368
465
654
741
594
288
790
753
247
991
665
758
770
49
834
499
669
852
248
327
162
873
188
365
96
942
382
425
398
197
108
742
602
9
115
735
679
85
99
57
200
344
554
244
906
854
360
489
244
704
689
873
996
927
298
503
334
618
38
868
600
139
817
34
745
372
462
67
748
229
42
515
374
766
758
462
981
242
798
90
464
380
965
280
726
98
490
717
632
209
154
117
713
133
602
389
102
607
226
966
472
60
300
703
120
712
756
306
692
57
674
673
582
151
49
341
998
640
604
534
774
889
234
449
532
998
684
447
723
120
298
575
622
254
951
956
265
67
781
840
807
221
607
906
341
920
169
318
725
328
224
844
506
165
607
584
7
711
835
522
633
331
848
235
232
345
33
603
312
212
519
673
495
82
14
134
277
498
551
459
905
320
922
951
953
924
514
872
557
898
477
131
31
693
129
594
793
628
961
660
848
119
549
450
177
130
967
316
614
102
261
348
717
507
550
263
766
465
750
819
924
639
191
679
946
792
412
411
277
944
535
932
726
522
601
759
601
329
705
318
869
359
590
268
950
12
306
199
179
187
56
639
850
253
401
896
108
298
849
415
498
524
980
218
754
873
172
935
698
873
163
597
196
374
909
281
25
575
296
513
744
111
28
6
522
643
160
923
79
271
810
725
14
624
514
561
477
650
562
274
585
826
224
583
391
296
301
944
954
302
735
136
991
713
1
138
606
516
276
629
38
766
386
820
550
130
561
583
688
117
927
12
708
472
921
65
518
708
482
608
611
208
440
839
389
476
325
308
373
872
889
910
871
507
627
679
276
649
954
405
776
510
674
100
821
182
436
638
727
260
626
136
763
462
449
818
983
232
679
838
399
629
714
332
912
969
652
219
381
558
511
626
337
260
688
530
845
523
681
176
2
110
835
999
217
448
5
193
788
411
852
355
894
728
624
3
941
394
101
910
539
847
185
724
525
579
386
335
577
990
875
345
209
714
885
240
219
335
809
856
851
625
836
861
162
683
637
132
832
420
94
732
331
596
56
131
825
47
394
983
870
442
349
580
702
719
54
482
791
51
174
604
508
812
723
208
296
670
780
742
477
688
425
338
187
674
975
676
986
726
282
551
913
675
767
843
645
549
279
499
343
595
539
524
382
593
459
398
684
204
859
663
544
411
998
241
303
735
436
34
869
67
375
26
31
918
757
187
81
748
40
312
168
824
512
242
802
186
930
554
296
301
245
850
151
551
256
627
209
649
549
765
953
255
928
405
904
602
574
410
687
276
41
239
502
990
73
162
222
888
3
570
917
649
638
652
708
601
221
440
353
319
372
755
482
378
645
174
751
915
717
447
291
972
438
780
646
209
958
201
556
678
978
947
946
866
82
405
139
739
166
477
505
348
834
617
339
483
405
300
442
482
222
223
699
389
626
240
934
655
962
938
533
946
514
447
471
143
43
370
732
646
816
749
1000
98
132
453
151
460
685
953
633
498
900
185
272
453
617
22
963
112
637
614
379
114
369
758
267
552
547
366
467
707
418
429
565
964
452
889
176
624
920
911
38
2
545
363
660
870
512
907
340
874
280
970
46
565
986
36
388
996
417
399
716
369
856
374
414
841
801
643
713
84
988
843
620
195
530
978
191
182
480
362
911
506
550
899
995
999
831
48
205
878
264
396
866
737
259
427
233
255
728
668
704
735
952
596
797
981
180
695
172
702
470
505
160
93
208
967
309
216
358
736
403
149
370
898
761
975
369
651
262
764
843
27
691
613
636
159
474
365
779
269
943
443
809
212
138
412
876
584
684
55
140
497
832
785
243
407
910
191
845
983
898
909
334
594
704
960
945
447
641
308
386
273
424
286
642
938
99
533
558
694
853
444
714
322
841
129
62
37
68
503
504
180
345
383
655
399
425
176
715
598
901
438
464
74
738
494
260
879
91
622
728
723
23
347
583
181
979
632
250
322
717
909
478
676
779
765
642
70
513
424
236
920
152
121
183
906
994
334
761
345
989
326
424
448
303
569
852
646
153
99
230
753
355
397
571
322
210
529
103
104
524
239
832
789
677
10
514
223
777
159
599
801
366
546
403
897
32
103
537
725
111
883
285
146
967
713
111
323
930
832
931
571
25
353
881
653
133
117
843
6
549
512
984
174
942
204
348
792
810
966
960
118
299
502
333
12
8
233
881
496
847
610
182
437
201
708
66
307
547
92
457
599
54
66
359
95
14
853
749
222
490
296
51
961
990
525
378
297
245
149
282
622
126
240
122
765
746
533
99
474
553
115
397
557
184
66
73
831
470
17
711
42
139
798
236
922
265
709
650
788
957
270
426
107
448
182
40
694
507
753
454
806
932
428
535
893
891
240
442
28
210
566
244
191
976
28
229
104
678
505
228
51
909
899
718
950
435
514
453
828
182
130
496
256
394
360
633
242
494
59
488
940
369
193
279
314
361
852
931
173
807
575
102
769
680
282
541
869
94
292
801
723
20
122
443
850
353
811
697
786
152
787
404
658
109
654
214
145
532
446
237
873
486
135
925
640
56
703
934
118
859
889
455
854
357
696
948
702
670
877
498
574
809
650
669
221
697
9
341
271
315
587
984
288
9
806
353
532
266
168
925
65
154
187
895
238
722
917
417
17
938
159
684
781
882
470
506
129
880
529
385
871
192
161
712
854
80
148
11
134
513
234
420
495
483
466
837
837
906
606
464
185
232
156
788
892
928
726
635
208
839
276
43
541
414
744
24
974
731
200
121
602
572
94
587
864
519
222
595
555
292
950
219
165
161
65
586
592
276
298
699
811
554
20
746
828
798
385
71
449
676
615
874
685
788
13
738
361
815
786
211
206
770
948
283
198
513
587
102
524
346
331
144
869
980
990
727
745
111
508
381
450
81
785
171
847
824
37
659
303
849
579
664
182
682
154
130
140
563
206
182
412
530
303
248
38
545
190
194
290
81
151
542
250
479
524
218
922
817
554
74
732
134
173
222
3
534
782
674
922
78
276
89
6
699
869
255
561
224
347
790
537
856
77
915
842
150
807
794
330
699
895
96
125
118
97
845
511
613
98
11
6
797
351
933
431
359
57
368
305
670
847
968
383
550
230
461
198
803
448
968
872
466
673
457
246
795
663
980
588
131
109
745
746
523
385
402
359
289
612
226
302
656
28
607
89
960
456
737
461
882
815
927
566
683
148
912
459
736
740
838
563
412
971
46
212
371
976
746
249
244
475
633
316
629
164
954
566
550
610
983
121
506
412
840
163
69
724
24
709
672
397
639
107
465
253
119
94
416
945
685
506
521
987
366
611
162
680
527
925
532
852
982
92
390
721
740
809
808
429
986
358
869
762
117
647
688
712
574
84
992
806
864
243
61
658
377
449
240
68
882
791
929
602
993
886
696
467
285
61
229
899
440
381
427
922
428
418
361
889
271
205
873
717
910
795
834
117
923
502
244
480
178
4
950
645
374
2
148
796
914
497
629
319
705
664
771
345
403
895
108
755
408
632
857
385
408
481
30
482
603
449
287
896
14
447
886
29
434
389
886
563
985
777
345
344
518
880
578
523
739
738
569
615
303
77
254
777
900
567
233
110
890
658
314
881
165
216
466
376
862
648
833
397
339
115
659
364
909
249
200
752
62
7
223
21
801
49
317
474
921
188
270
252
970
35
72
722
767
126
368
905
269
458
413
303
418
985
721
763
966
581
155
502
344
11
420
738
267
565
813
506
752
769
203
156
862
72
81
695
1
178
939
258
11
720
648
89
409
306
733
299
813
220
45
39
81
793
52
267
520
170
840
738
323
568
933
368
635
325
246
911
109
330
485
880
663
929
693
493
606
785
740
321
835
687
603
307
123
818
227
202
729
787
612
222
532
310
597
287
700
863
720
451
613
290
802
696
948
802
573
328
989
388
835
667
173
774
680
816
541
846
92
559
217
140
370
111
387
281
425
974
732
22
602
484
55
336
837
535
429
327
759
104
30
11
900
953
587
615
899
137
281
282
513
805
303
933
411
968
723
496
93
260
139
714
426
430
892
458
297
909
720
724
467
331
688
665
390
298
996
4
964
340
131
447
362
403
622
335
526
904
443
803
712
625
643
962
889
159
891
600
992
549
711
481
842
350
832
520
649
295
492
348
754
319
126
717
303
436
711
42
309
580
945
344
205
688
154
87
625
886
18
318
103
420
316
335
822
584
821
356
421
357
320
344
597
829
61
840
679
835
798
588
967
562
512
883
249
194
902
783
103
914
382
344
768
40
339
786
136
651
463
105
972
572
836
761
262
245
149
459
197
324
583
347
142
289
932
996
513
909
520
908
365
598
132
156
886
766
106
974
625
891
655
736
132
789
799
329
20
701
820
141
157
836
129
558
973
64
478
187
587
155
188
949
606
893
555
42
594
125
226
77
858
237
830
811
973
790
629
284
922
961
906
961
160
557
747
659
822
192
633
208
318
51
333
151
607
875
866
749
489
549
23
89
765
14
485
378
290
527
507
918
935
365
970
204
131
253
253
669
469
864
284
746
161
354
912
272
685
285
561
724
941
555
594
231
734
887
652
37
39
219
70
970
429
644
613
114
69
864
56
247
508
722
460
273
366
244
457
708
940
703
310
910
519
522
856
867
180
726
274
978
179
316
686
201
965
415
650
441
588
543
235
52
981
609
4
671
366
684
566
137
443
13
749
903
269
442
512
949
857
628
546
901
531
622
641
13
505
156
750
584
883
572
102
603
751
607
381
830
740
581
368
379
236
444
73
117
666
525
504
969
258
858
339
953
341
740
675
950
973
904
105
723
482
410
701
882
969
597
925
88
719
954
674
310
343
295
367
369
310
572
700
253
489
138
703
339
638
803
285
640
501
742
540
181
743
44
501
44
997
888
85
292
173
91
454
594
741
545
748
502
657
235
860
151
7
922
86
680
248
792
935
688
48
109
411
425
4
563
394
609
664
941
674
912
128
675
320
460
662
617
208
998
71
430
320
887
322
293
903
366
217
840
526
411
211
808
149
3
449
776
416
126
119
893
514
146
342
994
374
465
423
106
505
752
701
446
754
81
67
778
985
750
996
600
356
307
766
176
411
312
462
221
259
433
718
381
253
17
133
845
24
45
95
592
654
273
819
799
610
858
331
134
26
746
536
644
792
998
556
970
201
585
396
391
466
611
430
309
602
676
506
340
986
448
110
118
705
463
692
735
415
402
930
788
808
484
623
117
869
569
307
766
796
640
122
173
384
755
698
166
761
784
233
165
262
40
525
892
231
620
35
951
909
253
288
935
991
740
590
819
456
666
783
549
709
117
332
248
756
405
844
235
570
130
363
556
637
407
709
431
176
604
467
347
194
996
809
469
171
868
85
744
344
701
541
570
844
29
786
728
235
222
512
760
281
528
775
221
60
266
813
79
501
825
346
118
465
927
561
858
365
889
396
762
633
408
156
19
933
954
516
493
981
804
578
73
395
940
525
470
506
923
228
718
936
177
732
957
690
847
753
554
703
97
628
210
938
90
895
282
459
271
615
740
166
265
19
776
775
124
44
529
406
310
878
489
211
273
62
842
276
261
681
277
830
30
639
672
873
693
855
209
665
463
406
829
700
235
127
424
243
458
475
759
540
422
396
717
665
318
743
663
797
569
657
95
388
604
554
366
836
562
395
593
719
983
857
368
337
381
973
887
965
815
222
26
637
390
562
268
797
436
87
260
140
944
789
535
873
816
545
46
629
533
966
348
771
465
478
643
214
991
701
12
281
760
135
35
305
373
704
59
797
31
373
194
959
466
154
968
482
347
70
668
612
73
609
808
353
192
17
697
889
232
349
104
246
25
940
495
509
914
765
495
90
743
562
607
549
546
618
772
293
171
409
667
543
933
230
989
762
277
976
563
912
174
589
875
635
436
791
347
158
875
744
176
894
439
36
724
844
677
596
557
859
205
603
277
962
279
949
897
608
434
26
251
93
967
173
663
956
607
680
717
28
884
87
288
608
765
801
947
105
391
431
856
230
151
535
643
273
376
412
222
904
780
718
508
839
537
998
862
477
317
987
416
414
48
627
480
168
458
843
365
8
479
841
932
72
297
659
94
425
871
118
524
207
515
290
360
235
637
528
837
242
32
800
541
201
122
503
330
92
732
219
109
430
305
32
492
779
262
275
938
194
43
421
34
269
776
735
976
958
993
419
168
743
973
26
388
691
714
901
152
73
625
879
210
574
546
45
1000
414
493
481
487
664
723
537
17
761
214
550
618
771
721
845
124
53
77
749
890
100
390
108
81
321
421
384
487
718
280
172
799
895
976
603
170
978
131
713
275
782
557
803
807
688
21
591
811
291
309
962
401
194
960
444
375
135
622
451
111
696
714
314
838
229
503
454
569
290
38
955
338
166
434
787
421
148
402
779
394
404
918
74
417
249
504
775
779
505
436
4
238
468
76
607
47
840
309
605
800
172
586
680
302
544
186
72
412
89
144
989
984
332
580
43
511
23
44
20
214
687
755
391
104
61
566
459
360
145
30
853
301
903
716
757
932
619
199
702
184
461
898
287
41
203
267
520
114
961
527
603
249
952
242
906
790
122
643
964
175
101
696
994
783
702
405
123
986
884
299
152
650
408
242
488
643
428
672
264
549
827
998
560
613
282
231
78
904
451
862
295
504
180
423
103
221
610
670
511
609
974
130
691
726
855
23
780
907
792
41
322
845
193
137
710
865
945
308
293
848
228
168
6
583
765
257
522
69
828
951
453
878
167
253
631
930
578
374
410
440
235
241
529
858
342
285
935
520
455
872
790
77
913
289
9
827
790
947
345
791
116
662
957
907
75
450
752
468
340
239
920
905
338
831
2
83
878
712
879
158
472
720
670
243
755
382
286
623
654
316
88
261
334
92
161
994
259
885
489
546
368
143
634
841
331
284
474
458
905
894
889
979
991
227
719
678
964
116
884
311
188
140
474
38
557
225
7
870
819
688
511
798
791
964
372
3
915
142
612
736
9
670
668
856
169
174
225
738
525
298
214
691
307
409
328
642
841
224
590
424
670
296
369
66
700
931
140
767
963
466
433
214
7
466
625
719
692
953
504
751
871
141
281
513
303
941
724
578
440
21
87
857
661
943
341
507
546
110
462
376
239
623
976
585
166
823
7
202
393
200
137
122
277
367
655
196
737
130
788
22
491
480
161
380
785
352
382
945
732
811
637
922
654
913
931
430
631
716
778
486
13
234
531
749
773
961
754
380
177
754
202
860
69
411
797
577
818
941
508
8
85
214
905
273
275
116
157
966
15
1000
612
645
388
999
792
281
497
584
35
46
936
546
35
841
732
690
549
64
229
954
492
667
470
115
761
652
58
137
152
438
641
982
106
736
802
991
279
692
755
31
159
866
671
59
956
128
853
119
984
92
862
312
464
643
412
917
950
999
993
598
860
408
818
967
350
204
662
372
331
611
317
717
833
684
705
241
59
317
895
765
236
592
169
140
147
91
505
262
130
987
743
923
797
864
412
313
761
710
527
528
477
928
657
357
490
825
562
50
672
434
55
324
985
103
213
465
625
646
151
29
834
751
858
298
654
439
279
657
553
947
897
649
522
816
338
13
770
497
804
435
205
536
366
444
979
547
874
268
487
977
231
854
605
653
336
521
508
217
804
722
211
712
752
34
829
888
885
338
549
418
126
718
789
239
505
266
669
590
713
269
431
557
172
279
3
979
425
957
362
98
66
819
317
876
302
380
627
476
551
647
853
415
784
57
491
886
21
454
26
516
11
790
94
334
642
48
557
560
509
892
600
516
91
604
485
345
737
833
801
63
416
244
662
988
247
7
597
136
602
726
128
755
753
351
228
641
247
970
915
405
789
573
88
875
159
46
921
295
74
643
639
173
753
980
451
827
18
428
846
814
865
662
269
146
610
909
135
237
414
683
964
179
166
708
20
469
507
557
317
875
657
995
341
560
739
734
143
807
271
808
363
585
425
202
895
355
86
31
96
308
491
23
443
142
597
639
887
218
361
266
317
663
371
396
392
296
327
370
296
290
461
773
190
847
903
520
421
477
828
647
461
419
391
168
560
406
854
127
888
4
643
336
214
728
125
897
107
320
871
908
290
329
217
897
815
182
913
942
264
845
651
282
588
438
181
442
60
355
104
404
958
569
335
90
354
272
919
513
825
479
682
687
657
249
112
26
491
118
317
659
284
860
709
462
642
423
852
684
680
459
299
478
713
115
842
293
443
195
319
547
125
405
827
40
558
886
233
882
766
784
170
398
368
431
455
806
913
725
894
590
709
640
789
847
916
391
694
475
496
866
596
149
156
961
33
379
921
409
341
716
854
664
956
119
254
782
421
944
44
357
652
942
255
493
336
418
687
82
552
642
571
129
943
151
223
221
708
703
523
543
723
92
138
885
815
807
830
98
830
800
367
159
734
686
491
854
175
313
52
346
738
561
404
817
780
887
54
680
867
211
634
19
642
206
449
164
36
332
646
961
465
60
168
454
932
756
29
331
502
746
644
8
329
12
21
547
774
90
924
391
167
60
144
372
253
848
198
129
743
963
456
747
315
7
732
284
654
690
751
460
197
598
79
736
941
156
350
86
932
378
816
621
711
36
345
765
360
577
877
581
866
331
937
629
8
314
595
973
324
134
72
968
397
615
70
453
524
460
881
749
438
218
272
626
988
287
155
44
994
862
209
776
150
31
413
233
363
855
631
282
795
998
900
668
525
309
928
599
170
509
747
63